# Solver information
# Time        	U_solver      	Ux_initial    	Ux_final      	Ux_iters      	Uy_initial    	Uy_final      	Uy_iters      	Uz_initial    	Uz_final      	Uz_iters      	U_converged   	p_solver      	p_initial     	p_final       	p_iters       	p_converged   
1             	smoothSolver	8.739890e-02	8.178210e-03	7	5.827350e-01	4.439660e-02	7	3.966930e-01	3.775700e-02	5	false	GAMG	1.000000e+00	5.918400e-03	5	true
2             	smoothSolver	3.852260e-02	3.802000e-03	7	3.805320e-01	3.559780e-02	7	1.628310e-01	1.315680e-02	7	false	GAMG	7.531210e-02	3.310540e-04	5	true
3             	smoothSolver	2.022870e-02	1.667080e-03	8	2.929550e-01	2.816310e-02	7	1.104620e-01	9.650830e-03	7	false	GAMG	5.196580e-02	4.915560e-04	4	true
4             	smoothSolver	1.368390e-02	1.170990e-03	8	2.341890e-01	2.164290e-02	7	9.969540e-02	8.863290e-03	7	false	GAMG	4.566290e-02	3.973490e-04	4	true
5             	smoothSolver	1.062460e-02	8.819510e-04	8	2.012620e-01	1.804420e-02	7	1.027300e-01	9.172860e-03	7	false	GAMG	4.120020e-02	3.478150e-04	4	true
6             	smoothSolver	8.510380e-03	6.819250e-04	8	1.805540e-01	1.600630e-02	7	1.082050e-01	9.707690e-03	7	false	GAMG	3.680010e-02	2.942800e-04	4	true
7             	smoothSolver	7.115130e-03	5.549340e-04	8	1.625490e-01	1.443760e-02	7	1.186270e-01	1.065710e-02	7	false	GAMG	3.275600e-02	2.405860e-04	4	true
8             	smoothSolver	6.115480e-03	4.810750e-04	8	1.447150e-01	1.280100e-02	7	1.300170e-01	1.168710e-02	7	false	GAMG	2.987440e-02	1.908710e-04	4	true
9             	smoothSolver	5.355660e-03	4.308740e-04	8	1.300030e-01	1.144220e-02	7	1.362130e-01	1.222670e-02	7	false	GAMG	2.772280e-02	1.545560e-04	4	true
10            	smoothSolver	4.784790e-03	3.925250e-04	8	1.177830e-01	1.032330e-02	7	1.231900e-01	1.106100e-02	7	false	GAMG	2.609180e-02	1.308930e-04	4	true
11            	smoothSolver	4.364950e-03	3.606580e-04	8	1.066960e-01	9.342430e-03	7	1.119360e-01	1.006700e-02	7	false	GAMG	2.498430e-02	1.235690e-04	4	true
12            	smoothSolver	4.065050e-03	3.350310e-04	8	9.679240e-02	8.514870e-03	7	1.069360e-01	9.696000e-03	7	false	GAMG	2.400300e-02	1.221850e-04	4	true
13            	smoothSolver	3.853260e-03	3.146170e-04	8	8.799160e-02	7.879700e-03	7	1.032640e-01	9.453480e-03	7	false	GAMG	2.333600e-02	1.232540e-04	4	true
14            	smoothSolver	3.691280e-03	3.007620e-04	8	8.076730e-02	7.371630e-03	7	9.617490e-02	8.908350e-03	7	false	GAMG	2.280020e-02	1.242900e-04	4	true
15            	smoothSolver	3.534630e-03	2.901090e-04	8	7.485760e-02	6.947720e-03	7	8.556580e-02	8.059260e-03	7	false	GAMG	2.227440e-02	1.238260e-04	4	true
16            	smoothSolver	3.364720e-03	2.760140e-04	8	6.969080e-02	6.518250e-03	7	7.722930e-02	7.286520e-03	7	false	GAMG	2.162840e-02	1.183430e-04	4	true
17            	smoothSolver	3.190500e-03	2.620750e-04	8	6.505710e-02	6.104170e-03	7	7.043990e-02	6.557170e-03	7	false	GAMG	2.076660e-02	1.087860e-04	4	true
18            	smoothSolver	3.020450e-03	2.485260e-04	8	6.113000e-02	5.696400e-03	7	6.489570e-02	5.990890e-03	7	false	GAMG	1.993800e-02	9.868580e-05	4	true
19            	smoothSolver	2.870070e-03	2.352980e-04	8	5.775380e-02	5.351210e-03	7	6.067700e-02	5.617130e-03	7	false	GAMG	1.920430e-02	9.314010e-05	4	true
20            	smoothSolver	2.739330e-03	2.250840e-04	8	5.519090e-02	5.106240e-03	7	5.788530e-02	5.394140e-03	7	false	GAMG	1.868730e-02	9.159650e-05	4	true
21            	smoothSolver	2.628070e-03	2.188820e-04	8	5.288690e-02	4.934470e-03	7	5.584350e-02	5.263370e-03	7	false	GAMG	1.812360e-02	9.152530e-05	4	true
22            	smoothSolver	2.526470e-03	2.141260e-04	8	5.103900e-02	4.839780e-03	7	5.395100e-02	5.146860e-03	7	false	GAMG	1.746240e-02	9.114640e-05	4	true
23            	smoothSolver	2.436500e-03	2.097750e-04	8	4.928380e-02	4.790450e-03	7	5.196610e-02	5.025750e-03	7	false	GAMG	1.690900e-02	8.806490e-05	4	true
24            	smoothSolver	2.361840e-03	2.048990e-04	8	4.795460e-02	4.724440e-03	7	5.008790e-02	4.897670e-03	7	false	GAMG	1.627460e-02	8.292600e-05	4	true
25            	smoothSolver	2.283020e-03	1.972400e-04	8	4.650230e-02	4.565080e-03	7	4.781880e-02	4.678680e-03	7	false	GAMG	1.565530e-02	7.683410e-05	4	true
26            	smoothSolver	2.203100e-03	1.889940e-04	8	4.475630e-02	4.345490e-03	7	4.502530e-02	4.386250e-03	7	false	GAMG	1.507920e-02	7.083690e-05	4	true
27            	smoothSolver	2.090920e-03	1.793580e-04	8	4.258680e-02	4.079450e-03	7	4.175210e-02	4.027240e-03	7	false	GAMG	1.456550e-02	6.755460e-05	4	true
28            	smoothSolver	1.971500e-03	1.692600e-04	8	4.027560e-02	3.810690e-03	7	3.854300e-02	3.675120e-03	7	false	GAMG	1.401220e-02	6.593620e-05	4	true
29            	smoothSolver	1.865260e-03	1.604080e-04	8	3.809980e-02	3.567480e-03	7	3.566070e-02	3.383870e-03	7	false	GAMG	1.348790e-02	6.519560e-05	4	true
30            	smoothSolver	1.767140e-03	1.516930e-04	8	3.605710e-02	3.362970e-03	7	3.331780e-02	3.144260e-03	7	false	GAMG	1.294600e-02	6.463380e-05	4	true
31            	smoothSolver	1.672420e-03	1.428440e-04	8	3.433850e-02	3.195500e-03	7	3.141180e-02	2.924110e-03	7	false	GAMG	1.242890e-02	6.198990e-05	4	true
32            	smoothSolver	1.582390e-03	1.341800e-04	8	3.279770e-02	3.034410e-03	7	2.984430e-02	2.732170e-03	7	false	GAMG	1.195250e-02	5.775430e-05	4	true
33            	smoothSolver	1.496350e-03	1.257750e-04	8	3.173570e-02	2.918890e-03	7	2.846070e-02	2.567010e-03	7	false	GAMG	1.155680e-02	5.210480e-05	4	true
34            	smoothSolver	1.416360e-03	1.182480e-04	8	3.120620e-02	2.855500e-03	7	2.724650e-02	2.410500e-03	7	false	GAMG	1.119090e-02	4.720670e-05	4	true
35            	smoothSolver	1.351630e-03	1.111280e-04	8	3.061570e-02	2.780850e-03	7	2.601120e-02	2.248070e-03	7	false	GAMG	1.086880e-02	4.399760e-05	4	true
36            	smoothSolver	1.296410e-03	1.041020e-04	8	2.981560e-02	2.659840e-03	7	2.478640e-02	2.104520e-03	7	false	GAMG	1.054640e-02	4.308410e-05	4	true
37            	smoothSolver	1.233070e-03	9.772340e-05	8	2.881810e-02	2.519600e-03	7	2.351060e-02	1.975030e-03	7	false	GAMG	1.021860e-02	4.341320e-05	4	true
38            	smoothSolver	1.169450e-03	9.203830e-05	8	2.758640e-02	2.375460e-03	7	2.215240e-02	1.852430e-03	7	false	GAMG	9.855140e-03	4.275460e-05	4	true
39            	smoothSolver	1.102280e-03	8.652110e-05	8	2.633930e-02	2.242500e-03	7	2.081700e-02	1.724610e-03	7	false	GAMG	9.445420e-03	4.139410e-05	4	true
40            	smoothSolver	1.038340e-03	8.091370e-05	8	2.512200e-02	2.112770e-03	7	1.949860e-02	1.599340e-03	7	false	GAMG	9.070760e-03	4.094260e-05	4	true
41            	smoothSolver	9.774070e-04	7.551670e-05	8	2.392210e-02	1.980290e-03	7	1.835490e-02	1.465780e-03	7	false	GAMG	8.745730e-03	4.031870e-05	4	true
42            	smoothSolver	9.248050e-04	7.090840e-05	8	2.279170e-02	1.855290e-03	7	1.738480e-02	1.349780e-03	7	false	GAMG	8.466000e-03	3.849510e-05	4	true
43            	smoothSolver	8.769880e-04	6.684930e-05	8	2.176390e-02	1.753500e-03	7	1.654990e-02	1.264190e-03	7	false	GAMG	8.197820e-03	3.618230e-05	4	true
44            	smoothSolver	8.335960e-04	6.315620e-05	8	2.081940e-02	1.670640e-03	7	1.586170e-02	1.205750e-03	7	false	GAMG	7.880330e-03	3.503440e-05	4	true
45            	smoothSolver	7.943290e-04	6.019720e-05	8	1.981750e-02	1.604100e-03	7	1.515140e-02	1.154910e-03	7	false	GAMG	7.545330e-03	3.467440e-05	4	true
46            	smoothSolver	7.583560e-04	5.818790e-05	8	1.879070e-02	1.537660e-03	7	1.443750e-02	1.105430e-03	7	false	GAMG	7.209220e-03	3.436650e-05	4	true
47            	smoothSolver	7.285780e-04	5.640500e-05	8	1.793930e-02	1.481830e-03	7	1.385910e-02	1.067080e-03	7	false	GAMG	6.876810e-03	3.354520e-05	4	true
48            	smoothSolver	7.036420e-04	5.487440e-05	8	1.724680e-02	1.423430e-03	7	1.343060e-02	1.040170e-03	7	false	GAMG	6.596150e-03	3.206040e-05	4	true
49            	smoothSolver	6.843620e-04	5.355710e-05	8	1.666110e-02	1.365980e-03	7	1.304560e-02	1.023550e-03	7	false	GAMG	6.366350e-03	3.027640e-05	4	true
50            	smoothSolver	6.669330e-04	5.187540e-05	8	1.606340e-02	1.313670e-03	7	1.264670e-02	1.009900e-03	7	false	GAMG	6.182260e-03	2.902090e-05	4	true
51            	smoothSolver	6.470090e-04	4.968020e-05	8	1.550770e-02	1.261800e-03	7	1.225030e-02	9.973520e-04	7	false	GAMG	5.996570e-03	2.798040e-05	4	true
52            	smoothSolver	6.229480e-04	4.713340e-05	8	1.486910e-02	1.202290e-03	7	1.183570e-02	9.783450e-04	7	false	GAMG	5.813140e-03	2.692630e-05	4	true
53            	smoothSolver	5.974570e-04	5.903840e-05	7	1.422670e-02	1.136820e-03	7	1.140940e-02	9.403880e-04	7	false	GAMG	5.623560e-03	2.554480e-05	4	true
54            	smoothSolver	5.709430e-04	5.630400e-05	7	1.350160e-02	1.067080e-03	7	1.098350e-02	8.895830e-04	7	false	GAMG	5.436890e-03	2.401340e-05	4	true
55            	smoothSolver	5.478210e-04	5.416880e-05	7	1.289760e-02	1.014180e-03	7	1.059340e-02	8.493760e-04	7	false	GAMG	5.261360e-03	2.266980e-05	4	true
56            	smoothSolver	5.282720e-04	5.234670e-05	7	1.238440e-02	9.780300e-04	7	1.028260e-02	8.247030e-04	7	false	GAMG	5.080040e-03	2.180560e-05	4	true
57            	smoothSolver	5.132170e-04	5.056690e-05	7	1.200130e-02	9.519030e-04	7	1.004710e-02	8.186070e-04	7	false	GAMG	4.896030e-03	2.120310e-05	4	true
58            	smoothSolver	5.014740e-04	4.903300e-05	7	1.167950e-02	9.290500e-04	7	9.867860e-03	8.192540e-04	7	false	GAMG	4.725070e-03	2.092540e-05	4	true
59            	smoothSolver	4.902150e-04	4.772780e-05	7	1.136390e-02	9.132470e-04	7	9.670530e-03	8.101200e-04	7	false	GAMG	4.577010e-03	2.083730e-05	4	true
60            	smoothSolver	4.779850e-04	4.643480e-05	7	1.101590e-02	8.938880e-04	7	9.454580e-03	7.921100e-04	7	false	GAMG	4.445510e-03	2.085080e-05	4	true
61            	smoothSolver	4.660140e-04	4.533800e-05	7	1.068630e-02	8.741660e-04	7	9.170860e-03	7.646400e-04	7	false	GAMG	4.344520e-03	2.099440e-05	4	true
62            	smoothSolver	4.554380e-04	4.450820e-05	7	1.041560e-02	8.581110e-04	7	8.936520e-03	7.398960e-04	7	false	GAMG	4.262220e-03	2.092400e-05	4	true
63            	smoothSolver	4.482600e-04	4.435270e-05	7	1.026360e-02	8.509540e-04	7	8.763330e-03	7.165550e-04	7	false	GAMG	4.185270e-03	2.054610e-05	4	true
64            	smoothSolver	4.419480e-04	3.360610e-05	8	1.017390e-02	8.474160e-04	7	8.635170e-03	7.036930e-04	7	false	GAMG	4.109320e-03	2.016900e-05	4	true
65            	smoothSolver	4.362170e-04	3.337330e-05	8	1.013850e-02	8.494920e-04	7	8.528270e-03	6.970410e-04	7	false	GAMG	4.024090e-03	2.013320e-05	4	true
66            	smoothSolver	4.279970e-04	3.262800e-05	8	1.003930e-02	8.428130e-04	7	8.390880e-03	6.866680e-04	7	false	GAMG	3.947010e-03	2.018110e-05	4	true
67            	smoothSolver	4.194070e-04	3.171370e-05	8	9.894550e-03	8.317090e-04	7	8.204310e-03	6.709480e-04	7	false	GAMG	3.877380e-03	2.004580e-05	4	true
68            	smoothSolver	4.104640e-04	4.073080e-05	7	9.718060e-03	8.209600e-04	7	8.031430e-03	6.610540e-04	7	false	GAMG	3.807020e-03	1.941730e-05	4	true
69            	smoothSolver	4.041500e-04	4.006230e-05	7	9.512620e-03	8.091880e-04	7	7.838410e-03	6.483640e-04	7	false	GAMG	3.735780e-03	1.835380e-05	4	true
70            	smoothSolver	3.980000e-04	3.019520e-05	8	9.305050e-03	7.979760e-04	7	7.671740e-03	6.429180e-04	7	false	GAMG	3.664610e-03	1.751380e-05	4	true
71            	smoothSolver	3.923940e-04	3.006330e-05	8	9.103800e-03	7.854000e-04	7	7.527050e-03	6.376420e-04	7	false	GAMG	3.604240e-03	1.697930e-05	4	true
72            	smoothSolver	3.857570e-04	3.000880e-05	8	8.880950e-03	7.645910e-04	7	7.374270e-03	6.299620e-04	7	false	GAMG	3.546800e-03	1.659020e-05	4	true
73            	smoothSolver	3.791120e-04	2.973260e-05	8	8.688840e-03	7.438120e-04	7	7.211560e-03	6.158390e-04	7	false	GAMG	3.489470e-03	1.610170e-05	4	true
74            	smoothSolver	3.729670e-04	2.949920e-05	8	8.533610e-03	7.261730e-04	7	7.053570e-03	6.009490e-04	7	false	GAMG	3.426680e-03	1.582650e-05	4	true
75            	smoothSolver	3.688910e-04	2.931580e-05	8	8.398120e-03	7.147560e-04	7	6.925320e-03	5.894020e-04	7	false	GAMG	3.382680e-03	1.580350e-05	4	true
76            	smoothSolver	3.651280e-04	2.905390e-05	8	8.291460e-03	7.092100e-04	7	6.844920e-03	5.824780e-04	7	false	GAMG	3.345920e-03	1.585120e-05	4	true
77            	smoothSolver	3.640030e-04	2.857710e-05	8	8.222920e-03	7.027480e-04	7	6.770310e-03	5.741880e-04	7	false	GAMG	3.322420e-03	1.580240e-05	4	true
78            	smoothSolver	3.606630e-04	2.805750e-05	8	8.126450e-03	6.910520e-04	7	6.698930e-03	5.635730e-04	7	false	GAMG	3.303000e-03	1.570770e-05	4	true
79            	smoothSolver	3.555200e-04	2.729970e-05	8	7.998940e-03	6.716580e-04	7	6.598550e-03	5.499800e-04	7	false	GAMG	3.296140e-03	1.555540e-05	4	true
80            	smoothSolver	3.488960e-04	2.650840e-05	8	7.875370e-03	6.510730e-04	7	6.489250e-03	5.346820e-04	7	false	GAMG	3.284130e-03	1.524950e-05	4	true
81            	smoothSolver	3.422360e-04	3.422210e-05	7	7.755230e-03	6.331270e-04	7	6.375740e-03	5.181020e-04	7	false	GAMG	3.257380e-03	1.465230e-05	4	true
82            	smoothSolver	3.340260e-04	2.529390e-05	8	7.583180e-03	6.140480e-04	7	6.225400e-03	4.992900e-04	7	false	GAMG	3.206530e-03	1.370590e-05	4	true
83            	smoothSolver	3.256000e-04	2.477700e-05	8	7.415920e-03	5.953390e-04	7	6.072620e-03	4.832560e-04	7	false	GAMG	3.156890e-03	1.307630e-05	4	true
84            	smoothSolver	3.168170e-04	2.454710e-05	8	7.240560e-03	5.797840e-04	7	5.918500e-03	4.684930e-04	7	false	GAMG	3.099330e-03	1.282290e-05	4	true
85            	smoothSolver	3.100740e-04	2.424090e-05	8	7.068420e-03	5.668480e-04	7	5.779080e-03	4.579630e-04	7	false	GAMG	3.041280e-03	1.263110e-05	4	true
86            	smoothSolver	3.040860e-04	2.391620e-05	8	6.923040e-03	5.579590e-04	7	5.669890e-03	4.483860e-04	7	false	GAMG	2.988800e-03	1.236860e-05	4	true
87            	smoothSolver	3.005290e-04	2.354220e-05	8	6.805380e-03	5.497330e-04	7	5.586190e-03	4.416930e-04	7	false	GAMG	2.943680e-03	1.190230e-05	4	true
88            	smoothSolver	2.963160e-04	2.316360e-05	8	6.717680e-03	5.434710e-04	7	5.521240e-03	4.353010e-04	7	false	GAMG	2.914290e-03	1.135570e-05	4	true
89            	smoothSolver	2.936160e-04	2.282860e-05	8	6.671070e-03	5.397730e-04	7	5.472060e-03	4.280990e-04	7	false	GAMG	2.895410e-03	1.097860e-05	4	true
90            	smoothSolver	2.899450e-04	2.242530e-05	8	6.622370e-03	5.320540e-04	7	5.407420e-03	4.170610e-04	7	false	GAMG	2.881070e-03	1.106630e-05	4	true
91            	smoothSolver	2.854210e-04	2.186790e-05	8	6.574400e-03	5.207450e-04	7	5.352950e-03	4.080370e-04	7	false	GAMG	2.866010e-03	1.135200e-05	4	true
92            	smoothSolver	2.809730e-04	2.123540e-05	8	6.529760e-03	5.097290e-04	7	5.290940e-03	3.996400e-04	7	false	GAMG	2.847720e-03	1.150530e-05	4	true
93            	smoothSolver	2.774160e-04	2.732640e-05	7	6.506600e-03	5.011210e-04	7	5.240310e-03	3.909570e-04	7	false	GAMG	2.833060e-03	1.168990e-05	4	true
94            	smoothSolver	2.732290e-04	2.650370e-05	7	6.487740e-03	4.938820e-04	7	5.188750e-03	3.827200e-04	7	false	GAMG	2.841640e-03	1.183500e-05	4	true
95            	smoothSolver	2.710920e-04	2.576270e-05	7	6.515790e-03	4.923350e-04	7	5.182720e-03	5.148750e-04	6	false	GAMG	2.854020e-03	1.210900e-05	4	true
96            	smoothSolver	2.677430e-04	2.503640e-05	7	6.551610e-03	4.926580e-04	7	5.202600e-03	5.176610e-04	6	false	GAMG	2.860720e-03	1.287960e-05	4	true
97            	smoothSolver	2.654700e-04	2.447650e-05	7	6.620070e-03	4.979210e-04	7	5.233690e-03	5.228650e-04	6	false	GAMG	2.854760e-03	1.321620e-05	4	true
98            	smoothSolver	2.636720e-04	2.418950e-05	7	6.674710e-03	5.054600e-04	7	5.248370e-03	3.871120e-04	7	false	GAMG	2.852870e-03	1.315340e-05	4	true
99            	smoothSolver	2.627280e-04	2.410040e-05	7	6.712600e-03	5.143280e-04	7	5.256090e-03	3.881900e-04	7	false	GAMG	2.821250e-03	1.274990e-05	4	true
100           	smoothSolver	2.613100e-04	2.417050e-05	7	6.708450e-03	5.202570e-04	7	5.196840e-03	3.900890e-04	7	false	GAMG	2.788350e-03	1.230580e-05	4	true
101           	smoothSolver	2.618060e-04	2.443010e-05	7	6.677930e-03	5.224520e-04	7	5.141750e-03	3.935690e-04	7	false	GAMG	2.757960e-03	1.201010e-05	4	true
102           	smoothSolver	2.617680e-04	2.486580e-05	7	6.624640e-03	5.219810e-04	7	5.093160e-03	3.969200e-04	7	false	GAMG	2.727200e-03	1.195230e-05	4	true
103           	smoothSolver	2.625540e-04	2.533290e-05	7	6.573340e-03	5.206300e-04	7	5.067370e-03	3.999880e-04	7	false	GAMG	2.696180e-03	1.196770e-05	4	true
104           	smoothSolver	2.634660e-04	2.595140e-05	7	6.525460e-03	5.183190e-04	7	5.056650e-03	4.019800e-04	7	false	GAMG	2.669720e-03	1.197980e-05	4	true
105           	smoothSolver	2.642620e-04	2.003960e-05	8	6.477200e-03	5.149460e-04	7	5.055900e-03	4.033620e-04	7	false	GAMG	2.644260e-03	1.192600e-05	4	true
106           	smoothSolver	2.627130e-04	2.016580e-05	8	6.401140e-03	5.130210e-04	7	5.029660e-03	4.045790e-04	7	false	GAMG	2.616600e-03	1.189960e-05	4	true
107           	smoothSolver	2.610250e-04	1.999760e-05	8	6.320470e-03	5.092620e-04	7	4.992860e-03	4.036760e-04	7	false	GAMG	2.592520e-03	1.190440e-05	4	true
108           	smoothSolver	2.575330e-04	1.960230e-05	8	6.227050e-03	5.028010e-04	7	4.933540e-03	4.002460e-04	7	false	GAMG	2.567630e-03	1.188880e-05	4	true
109           	smoothSolver	2.541710e-04	2.526660e-05	7	6.148120e-03	4.963620e-04	7	4.859810e-03	3.942720e-04	7	false	GAMG	2.549200e-03	1.184480e-05	4	true
110           	smoothSolver	2.502750e-04	2.471880e-05	7	6.059910e-03	4.869560e-04	7	4.779840e-03	3.852670e-04	7	false	GAMG	2.525990e-03	1.156180e-05	4	true
111           	smoothSolver	2.470930e-04	2.420420e-05	7	5.973490e-03	4.778490e-04	7	4.698310e-03	3.758440e-04	7	false	GAMG	2.497190e-03	1.134580e-05	4	true
112           	smoothSolver	2.428280e-04	2.376990e-05	7	5.877320e-03	4.680490e-04	7	4.618810e-03	3.658010e-04	7	false	GAMG	2.470480e-03	1.113270e-05	4	true
113           	smoothSolver	2.409420e-04	2.347230e-05	7	5.803070e-03	4.577770e-04	7	4.561200e-03	3.552710e-04	7	false	GAMG	2.439900e-03	1.103730e-05	4	true
114           	smoothSolver	2.384750e-04	2.325570e-05	7	5.713370e-03	4.464910e-04	7	4.498690e-03	3.454470e-04	7	false	GAMG	2.411240e-03	1.091650e-05	4	true
115           	smoothSolver	2.364960e-04	2.298180e-05	7	5.637080e-03	4.347310e-04	7	4.443150e-03	3.364520e-04	7	false	GAMG	2.382210e-03	1.073800e-05	4	true
116           	smoothSolver	2.335080e-04	2.266530e-05	7	5.549710e-03	4.246010e-04	7	4.386050e-03	3.280300e-04	7	false	GAMG	2.351510e-03	1.043720e-05	4	true
117           	smoothSolver	2.309030e-04	2.229240e-05	7	5.461230e-03	4.131710e-04	7	4.317950e-03	3.206170e-04	7	false	GAMG	2.316360e-03	9.938360e-06	4	true
118           	smoothSolver	2.265440e-04	2.171760e-05	7	5.353160e-03	4.018430e-04	7	4.253560e-03	3.154200e-04	7	false	GAMG	2.279560e-03	9.542640e-06	4	true
119           	smoothSolver	2.230080e-04	2.117920e-05	7	5.266970e-03	3.943250e-04	7	4.201650e-03	3.110130e-04	7	false	GAMG	2.244280e-03	9.092800e-06	4	true
120           	smoothSolver	2.189690e-04	2.081620e-05	7	5.176780e-03	3.891920e-04	7	4.153990e-03	3.085040e-04	7	false	GAMG	2.215890e-03	9.025750e-06	4	true
121           	smoothSolver	2.148380e-04	2.054770e-05	7	5.104840e-03	3.850000e-04	7	4.112610e-03	3.065810e-04	7	false	GAMG	2.191750e-03	9.199230e-06	4	true
122           	smoothSolver	2.118150e-04	2.047870e-05	7	5.060460e-03	3.835200e-04	7	4.095850e-03	3.060870e-04	7	false	GAMG	2.170550e-03	9.414810e-06	4	true
123           	smoothSolver	2.098840e-04	2.042130e-05	7	5.023290e-03	3.820070e-04	7	4.087430e-03	3.055150e-04	7	false	GAMG	2.160110e-03	9.216750e-06	4	true
124           	smoothSolver	2.074850e-04	2.021710e-05	7	4.998260e-03	3.824950e-04	7	4.079550e-03	3.051420e-04	7	false	GAMG	2.152800e-03	8.937950e-06	4	true
125           	smoothSolver	2.061320e-04	1.991670e-05	7	5.009920e-03	3.849420e-04	7	4.064410e-03	3.042990e-04	7	false	GAMG	2.145180e-03	8.679520e-06	4	true
126           	smoothSolver	2.045740e-04	1.952400e-05	7	5.015730e-03	3.867450e-04	7	4.043860e-03	3.020220e-04	7	false	GAMG	2.141480e-03	8.763140e-06	4	true
127           	smoothSolver	2.016550e-04	1.892930e-05	7	5.003640e-03	3.822350e-04	7	4.014860e-03	2.973680e-04	7	false	GAMG	2.132150e-03	9.020260e-06	4	true
128           	smoothSolver	1.983130e-04	1.850380e-05	7	4.953450e-03	3.743560e-04	7	3.941750e-03	3.937700e-04	6	false	GAMG	2.122160e-03	9.141290e-06	4	true
129           	smoothSolver	1.954830e-04	1.812330e-05	7	4.898550e-03	3.670360e-04	7	3.873640e-03	2.867930e-04	7	false	GAMG	2.113570e-03	9.303350e-06	4	true
130           	smoothSolver	1.927310e-04	1.791520e-05	7	4.865360e-03	3.654140e-04	7	3.806380e-03	3.781560e-04	6	false	GAMG	2.107310e-03	9.182650e-06	4	true
131           	smoothSolver	1.910520e-04	1.780780e-05	7	4.851280e-03	3.635150e-04	7	3.728010e-03	3.702980e-04	6	false	GAMG	2.087200e-03	9.089450e-06	4	true
132           	smoothSolver	1.887840e-04	1.763360e-05	7	4.823600e-03	3.621840e-04	7	3.687730e-03	3.670960e-04	6	false	GAMG	2.078580e-03	9.235540e-06	4	true
133           	smoothSolver	1.866100e-04	1.750600e-05	7	4.795450e-03	3.594970e-04	7	3.656850e-03	3.643530e-04	6	false	GAMG	2.068670e-03	9.453940e-06	4	true
134           	smoothSolver	1.852230e-04	1.751060e-05	7	4.773780e-03	3.578360e-04	7	3.636940e-03	3.635860e-04	6	false	GAMG	2.058970e-03	9.364520e-06	4	true
135           	smoothSolver	1.843240e-04	1.745310e-05	7	4.748820e-03	3.548600e-04	7	3.612380e-03	2.684380e-04	7	false	GAMG	2.045780e-03	9.299820e-06	4	true
136           	smoothSolver	1.828920e-04	1.736360e-05	7	4.695450e-03	3.524800e-04	7	3.586330e-03	2.659830e-04	7	false	GAMG	2.034880e-03	8.849430e-06	4	true
137           	smoothSolver	1.826340e-04	1.727550e-05	7	4.634530e-03	3.475310e-04	7	3.535470e-03	2.617790e-04	7	false	GAMG	2.032660e-03	8.755320e-06	4	true
138           	smoothSolver	1.816450e-04	1.712860e-05	7	4.544810e-03	3.384940e-04	7	3.507380e-03	2.593270e-04	7	false	GAMG	2.028540e-03	8.832470e-06	4	true
139           	smoothSolver	1.808510e-04	1.700360e-05	7	4.472780e-03	3.311380e-04	7	3.470010e-03	2.564110e-04	7	false	GAMG	2.031690e-03	9.090160e-06	4	true
140           	smoothSolver	1.805150e-04	1.703910e-05	7	4.422460e-03	3.264630e-04	7	3.442200e-03	3.436680e-04	6	false	GAMG	2.034760e-03	9.132130e-06	4	true
141           	smoothSolver	1.808430e-04	1.714350e-05	7	4.407570e-03	3.250720e-04	7	3.438570e-03	3.423510e-04	6	false	GAMG	2.031300e-03	9.189740e-06	4	true
142           	smoothSolver	1.809170e-04	1.724210e-05	7	4.422910e-03	3.264460e-04	7	3.425290e-03	3.411710e-04	6	false	GAMG	2.015120e-03	9.202850e-06	4	true
143           	smoothSolver	1.815510e-04	1.727300e-05	7	4.450970e-03	3.313960e-04	7	3.407910e-03	3.406660e-04	6	false	GAMG	1.995450e-03	9.258980e-06	4	true
144           	smoothSolver	1.807730e-04	1.725610e-05	7	4.463800e-03	3.359620e-04	7	3.385040e-03	2.501640e-04	7	false	GAMG	1.965080e-03	9.345170e-06	4	true
145           	smoothSolver	1.800600e-04	1.733290e-05	7	4.467360e-03	3.425540e-04	7	3.346590e-03	2.498750e-04	7	false	GAMG	1.940700e-03	9.234430e-06	4	true
146           	smoothSolver	1.798560e-04	1.755240e-05	7	4.477270e-03	3.488960e-04	7	3.324530e-03	2.509980e-04	7	false	GAMG	1.918950e-03	9.113230e-06	4	true
147           	smoothSolver	1.812840e-04	1.781270e-05	7	4.499880e-03	3.547910e-04	7	3.323250e-03	2.540290e-04	7	false	GAMG	1.911620e-03	9.162640e-06	4	true
148           	smoothSolver	1.823060e-04	1.802960e-05	7	4.520040e-03	3.591600e-04	7	3.337520e-03	2.576910e-04	7	false	GAMG	1.892010e-03	9.084400e-06	4	true
149           	smoothSolver	1.832770e-04	1.813930e-05	7	4.528520e-03	3.629510e-04	7	3.349630e-03	2.611200e-04	7	false	GAMG	1.879130e-03	8.971460e-06	4	true
150           	smoothSolver	1.831380e-04	1.817710e-05	7	4.515290e-03	3.634260e-04	7	3.358310e-03	2.644180e-04	7	false	GAMG	1.860150e-03	8.938090e-06	4	true
151           	smoothSolver	1.834420e-04	1.807570e-05	7	4.491620e-03	3.623180e-04	7	3.352150e-03	2.659830e-04	7	false	GAMG	1.846610e-03	8.961970e-06	4	true
152           	smoothSolver	1.824730e-04	1.785560e-05	7	4.461170e-03	3.592020e-04	7	3.348550e-03	2.660810e-04	7	false	GAMG	1.833220e-03	9.013150e-06	4	true
153           	smoothSolver	1.812990e-04	1.751060e-05	7	4.427370e-03	3.534230e-04	7	3.329950e-03	2.646630e-04	7	false	GAMG	1.831280e-03	8.957330e-06	4	true
154           	smoothSolver	1.793060e-04	1.723890e-05	7	4.389420e-03	3.466290e-04	7	3.306590e-03	2.621410e-04	7	false	GAMG	1.824790e-03	8.787040e-06	4	true
155           	smoothSolver	1.779780e-04	1.697260e-05	7	4.380400e-03	3.412320e-04	7	3.300600e-03	2.602850e-04	7	false	GAMG	1.814780e-03	8.509020e-06	4	true
156           	smoothSolver	1.758930e-04	1.683070e-05	7	4.348620e-03	3.371150e-04	7	3.301020e-03	2.592520e-04	7	false	GAMG	1.800920e-03	8.234840e-06	4	true
157           	smoothSolver	1.751140e-04	1.676640e-05	7	4.331690e-03	3.335220e-04	7	3.307300e-03	2.579810e-04	7	false	GAMG	1.794070e-03	8.001420e-06	4	true
158           	smoothSolver	1.739510e-04	1.680960e-05	7	4.308170e-03	3.342690e-04	7	3.303760e-03	2.574680e-04	7	false	GAMG	1.788420e-03	8.104600e-06	4	true
159           	smoothSolver	1.736710e-04	1.683700e-05	7	4.313270e-03	3.366740e-04	7	3.309520e-03	2.578980e-04	7	false	GAMG	1.787640e-03	8.321630e-06	4	true
160           	smoothSolver	1.735920e-04	1.686790e-05	7	4.318220e-03	3.384760e-04	7	3.316380e-03	2.605310e-04	7	false	GAMG	1.786160e-03	8.421740e-06	4	true
161           	smoothSolver	1.741720e-04	1.690450e-05	7	4.323480e-03	3.372930e-04	7	3.326270e-03	2.619050e-04	7	false	GAMG	1.785830e-03	8.193550e-06	4	true
162           	smoothSolver	1.731700e-04	1.674730e-05	7	4.304770e-03	3.322280e-04	7	3.329660e-03	2.627870e-04	7	false	GAMG	1.792200e-03	7.869200e-06	4	true
163           	smoothSolver	1.734900e-04	1.658610e-05	7	4.316110e-03	3.282740e-04	7	3.347010e-03	2.627630e-04	7	false	GAMG	1.804220e-03	7.660420e-06	4	true
164           	smoothSolver	1.736740e-04	1.649340e-05	7	4.352270e-03	3.290450e-04	7	3.373940e-03	2.616430e-04	7	false	GAMG	1.825590e-03	7.870380e-06	4	true
165           	smoothSolver	1.744070e-04	1.648580e-05	7	4.415030e-03	3.358480e-04	7	3.414700e-03	2.616570e-04	7	false	GAMG	1.851840e-03	8.346440e-06	4	true
166           	smoothSolver	1.763200e-04	1.662420e-05	7	4.524070e-03	3.477590e-04	7	3.483430e-03	2.637440e-04	7	false	GAMG	1.873390e-03	8.717920e-06	4	true
167           	smoothSolver	1.788650e-04	1.696190e-05	7	4.641480e-03	3.608270e-04	7	3.549680e-03	2.673210e-04	7	false	GAMG	1.894910e-03	8.695750e-06	4	true
168           	smoothSolver	1.814450e-04	1.733040e-05	7	4.760340e-03	3.758410e-04	7	3.616410e-03	2.694140e-04	7	false	GAMG	1.916440e-03	8.842840e-06	4	true
169           	smoothSolver	1.848100e-04	1.764040e-05	7	4.872890e-03	3.876900e-04	7	3.658350e-03	2.734580e-04	7	false	GAMG	1.938160e-03	8.876460e-06	4	true
170           	smoothSolver	1.868770e-04	1.771460e-05	7	4.920110e-03	3.903180e-04	7	3.696430e-03	2.750270e-04	7	false	GAMG	1.948860e-03	8.978620e-06	4	true
171           	smoothSolver	1.874440e-04	1.760670e-05	7	4.919550e-03	3.872660e-04	7	3.690440e-03	2.760190e-04	7	false	GAMG	1.951050e-03	8.900270e-06	4	true
172           	smoothSolver	1.865020e-04	1.744700e-05	7	4.877480e-03	3.827810e-04	7	3.651610e-03	2.752030e-04	7	false	GAMG	1.971570e-03	8.793390e-06	4	true
173           	smoothSolver	1.865810e-04	1.726100e-05	7	4.848460e-03	3.812990e-04	7	3.630670e-03	2.730510e-04	7	false	GAMG	1.975310e-03	8.704030e-06	4	true
174           	smoothSolver	1.847050e-04	1.690140e-05	7	4.788450e-03	3.762130e-04	7	3.599320e-03	2.696970e-04	7	false	GAMG	1.984630e-03	8.636580e-06	4	true
175           	smoothSolver	1.837330e-04	1.659580e-05	7	4.745080e-03	3.693160e-04	7	3.598330e-03	2.671180e-04	7	false	GAMG	2.002290e-03	8.899280e-06	4	true
176           	smoothSolver	1.826310e-04	1.644380e-05	7	4.725890e-03	3.625270e-04	7	3.609560e-03	3.607770e-04	6	false	GAMG	2.023770e-03	9.073350e-06	4	true
177           	smoothSolver	1.822920e-04	1.651220e-05	7	4.723890e-03	3.582950e-04	7	3.624790e-03	3.606540e-04	6	false	GAMG	2.044190e-03	9.290400e-06	4	true
178           	smoothSolver	1.826880e-04	1.664490e-05	7	4.750290e-03	3.583120e-04	7	3.644320e-03	3.629240e-04	6	false	GAMG	2.042780e-03	9.132580e-06	4	true
179           	smoothSolver	1.832610e-04	1.691770e-05	7	4.745850e-03	3.592060e-04	7	3.639670e-03	3.634420e-04	6	false	GAMG	2.032920e-03	8.902510e-06	4	true
180           	smoothSolver	1.835200e-04	1.724690e-05	7	4.727160e-03	3.601340e-04	7	3.637220e-03	2.684200e-04	7	false	GAMG	2.037810e-03	8.882070e-06	4	true
181           	smoothSolver	1.850690e-04	1.757080e-05	7	4.711700e-03	3.614590e-04	7	3.628670e-03	2.670440e-04	7	false	GAMG	2.045670e-03	8.898240e-06	4	true
182           	smoothSolver	1.859050e-04	1.776450e-05	7	4.696810e-03	3.607370e-04	7	3.620170e-03	3.618780e-04	6	false	GAMG	2.050780e-03	8.825270e-06	4	true
183           	smoothSolver	1.862380e-04	1.783130e-05	7	4.677120e-03	3.570520e-04	7	3.608910e-03	2.657530e-04	7	false	GAMG	2.054190e-03	9.004140e-06	4	true
184           	smoothSolver	1.864410e-04	1.775660e-05	7	4.661570e-03	3.520250e-04	7	3.589380e-03	3.589040e-04	6	false	GAMG	2.049420e-03	8.800460e-06	4	true
185           	smoothSolver	1.859010e-04	1.737900e-05	7	4.644430e-03	3.442770e-04	7	3.561800e-03	3.555500e-04	6	false	GAMG	2.037810e-03	8.772050e-06	4	true
186           	smoothSolver	1.837870e-04	1.695680e-05	7	4.606120e-03	3.389560e-04	7	3.525990e-03	3.515260e-04	6	false	GAMG	2.027820e-03	8.763940e-06	4	true
187           	smoothSolver	1.816320e-04	1.651350e-05	7	4.588070e-03	3.365840e-04	7	3.488960e-03	3.465290e-04	6	false	GAMG	2.016680e-03	8.795570e-06	4	true
188           	smoothSolver	1.788330e-04	1.612610e-05	7	4.564200e-03	3.359210e-04	7	3.447500e-03	3.405560e-04	6	false	GAMG	2.004810e-03	8.805920e-06	4	true
189           	smoothSolver	1.763210e-04	1.589200e-05	7	4.532780e-03	3.344120e-04	7	3.410730e-03	3.335560e-04	6	false	GAMG	1.993970e-03	8.863800e-06	4	true
190           	smoothSolver	1.742700e-04	1.576160e-05	7	4.504530e-03	3.335780e-04	7	3.380300e-03	3.283690e-04	6	false	GAMG	1.982120e-03	8.767270e-06	4	true
191           	smoothSolver	1.729580e-04	1.574900e-05	7	4.473660e-03	3.319050e-04	7	3.365250e-03	3.245220e-04	6	false	GAMG	1.964590e-03	8.676260e-06	4	true
192           	smoothSolver	1.712720e-04	1.573300e-05	7	4.431170e-03	3.301570e-04	7	3.350930e-03	3.227880e-04	6	false	GAMG	1.943450e-03	8.372320e-06	4	true
193           	smoothSolver	1.704770e-04	1.574860e-05	7	4.386210e-03	3.292980e-04	7	3.340400e-03	3.218530e-04	6	false	GAMG	1.919050e-03	8.429730e-06	4	true
194           	smoothSolver	1.693690e-04	1.578520e-05	7	4.325850e-03	3.282510e-04	7	3.316840e-03	3.224250e-04	6	false	GAMG	1.893900e-03	8.401490e-06	4	true
195           	smoothSolver	1.684730e-04	1.575490e-05	7	4.270140e-03	3.277150e-04	7	3.289800e-03	3.239780e-04	6	false	GAMG	1.872070e-03	8.438640e-06	4	true
196           	smoothSolver	1.672250e-04	1.571650e-05	7	4.227500e-03	3.280750e-04	7	3.269850e-03	3.265810e-04	6	false	GAMG	1.845800e-03	8.377000e-06	4	true
197           	smoothSolver	1.661860e-04	1.563330e-05	7	4.193370e-03	3.279280e-04	7	3.239270e-03	2.422570e-04	7	false	GAMG	1.830470e-03	8.372590e-06	4	true
198           	smoothSolver	1.650410e-04	1.566940e-05	7	4.164890e-03	3.297110e-04	7	3.210530e-03	2.439230e-04	7	false	GAMG	1.811710e-03	8.172660e-06	4	true
199           	smoothSolver	1.649450e-04	1.579830e-05	7	4.164370e-03	3.321470e-04	7	3.198810e-03	2.462090e-04	7	false	GAMG	1.799500e-03	7.943590e-06	4	true
200           	smoothSolver	1.655780e-04	1.606480e-05	7	4.167970e-03	3.381850e-04	7	3.205330e-03	2.499160e-04	7	false	GAMG	1.792650e-03	7.907130e-06	4	true
201           	smoothSolver	1.669250e-04	1.632210e-05	7	4.203710e-03	3.448080e-04	7	3.230800e-03	2.537660e-04	7	false	GAMG	1.791910e-03	7.996860e-06	4	true
202           	smoothSolver	1.677140e-04	1.643270e-05	7	4.223000e-03	3.481300e-04	7	3.254760e-03	2.574390e-04	7	false	GAMG	1.795250e-03	8.187150e-06	4	true
203           	smoothSolver	1.688200e-04	1.646230e-05	7	4.250920e-03	3.492830e-04	7	3.290820e-03	2.607310e-04	7	false	GAMG	1.805240e-03	8.203040e-06	4	true
204           	smoothSolver	1.691280e-04	1.629780e-05	7	4.256500e-03	3.449450e-04	7	3.325990e-03	2.630400e-04	7	false	GAMG	1.819160e-03	8.103070e-06	4	true
205           	smoothSolver	1.693570e-04	1.601410e-05	7	4.279920e-03	3.395550e-04	7	3.350500e-03	2.640260e-04	7	false	GAMG	1.836890e-03	7.956820e-06	4	true
206           	smoothSolver	1.693870e-04	1.573060e-05	7	4.295750e-03	3.338760e-04	7	3.378600e-03	2.616320e-04	7	false	GAMG	1.845860e-03	7.907540e-06	4	true
207           	smoothSolver	1.696120e-04	1.556460e-05	7	4.336210e-03	3.320010e-04	7	3.411050e-03	2.593380e-04	7	false	GAMG	1.855690e-03	8.040550e-06	4	true
208           	smoothSolver	1.712930e-04	1.563650e-05	7	4.414250e-03	3.375310e-04	7	3.460560e-03	2.600750e-04	7	false	GAMG	1.870000e-03	8.594940e-06	4	true
209           	smoothSolver	1.738580e-04	1.596760e-05	7	4.518040e-03	3.491760e-04	7	3.515500e-03	2.645620e-04	7	false	GAMG	1.883240e-03	9.257100e-06	4	true
210           	smoothSolver	1.762400e-04	1.642930e-05	7	4.623320e-03	3.623370e-04	7	3.575720e-03	2.704200e-04	7	false	GAMG	1.897310e-03	9.745760e-06	4	true
211           	smoothSolver	1.791590e-04	1.701850e-05	7	4.708660e-03	3.750300e-04	7	3.633170e-03	2.780780e-04	7	false	GAMG	1.898550e-03	9.828660e-06	4	true
212           	smoothSolver	1.809380e-04	1.757850e-05	7	4.771620e-03	3.866960e-04	7	3.671960e-03	2.831660e-04	7	false	GAMG	1.898660e-03	9.510900e-06	4	true
213           	smoothSolver	1.829300e-04	1.807540e-05	7	4.814610e-03	3.955350e-04	7	3.698630e-03	2.872400e-04	7	false	GAMG	1.896360e-03	9.039540e-06	4	true
214           	smoothSolver	1.848610e-04	1.843340e-05	7	4.835040e-03	4.003930e-04	7	3.719180e-03	2.911510e-04	7	false	GAMG	1.896870e-03	8.692000e-06	4	true
215           	smoothSolver	1.859740e-04	1.849740e-05	7	4.820910e-03	3.981530e-04	7	3.714720e-03	2.927180e-04	7	false	GAMG	1.895080e-03	8.688130e-06	4	true
216           	smoothSolver	1.850560e-04	1.828730e-05	7	4.767000e-03	3.924680e-04	7	3.675320e-03	2.909210e-04	7	false	GAMG	1.894460e-03	8.633620e-06	4	true
217           	smoothSolver	1.833780e-04	1.795090e-05	7	4.697670e-03	3.859970e-04	7	3.631610e-03	2.876800e-04	7	false	GAMG	1.900220e-03	8.851690e-06	4	true
218           	smoothSolver	1.828600e-04	1.767230e-05	7	4.664560e-03	3.815660e-04	7	3.593960e-03	2.844260e-04	7	false	GAMG	1.905500e-03	9.010270e-06	4	true
219           	smoothSolver	1.816820e-04	1.734390e-05	7	4.640240e-03	3.768940e-04	7	3.587790e-03	2.823280e-04	7	false	GAMG	1.899370e-03	9.066640e-06	4	true
220           	smoothSolver	1.799030e-04	1.709020e-05	7	4.604070e-03	3.709200e-04	7	3.572670e-03	2.803690e-04	7	false	GAMG	1.905720e-03	8.992390e-06	4	true
221           	smoothSolver	1.790570e-04	1.703710e-05	7	4.586500e-03	3.682000e-04	7	3.563140e-03	2.779920e-04	7	false	GAMG	1.907230e-03	8.861370e-06	4	true
222           	smoothSolver	1.784430e-04	1.707680e-05	7	4.577340e-03	3.675790e-04	7	3.557190e-03	2.764650e-04	7	false	GAMG	1.906690e-03	8.689640e-06	4	true
223           	smoothSolver	1.784990e-04	1.715600e-05	7	4.590850e-03	3.712690e-04	7	3.544570e-03	2.746580e-04	7	false	GAMG	1.902020e-03	8.667620e-06	4	true
224           	smoothSolver	1.791780e-04	1.723990e-05	7	4.580130e-03	3.723870e-04	7	3.536100e-03	2.740280e-04	7	false	GAMG	1.899670e-03	8.707700e-06	4	true
225           	smoothSolver	1.791890e-04	1.723540e-05	7	4.559740e-03	3.688170e-04	7	3.526010e-03	2.734110e-04	7	false	GAMG	1.893730e-03	8.707170e-06	4	true
226           	smoothSolver	1.781400e-04	1.718560e-05	7	4.497500e-03	3.607200e-04	7	3.511210e-03	2.717100e-04	7	false	GAMG	1.894660e-03	8.718800e-06	4	true
227           	smoothSolver	1.773920e-04	1.702340e-05	7	4.454030e-03	3.514530e-04	7	3.490410e-03	2.684430e-04	7	false	GAMG	1.892040e-03	8.573790e-06	4	true
228           	smoothSolver	1.755820e-04	1.676450e-05	7	4.394120e-03	3.417890e-04	7	3.464010e-03	2.625960e-04	7	false	GAMG	1.884110e-03	8.398670e-06	4	true
229           	smoothSolver	1.740860e-04	1.644740e-05	7	4.357860e-03	3.349430e-04	7	3.424150e-03	2.549810e-04	7	false	GAMG	1.873180e-03	8.304960e-06	4	true
230           	smoothSolver	1.723660e-04	1.613350e-05	7	4.340100e-03	3.306840e-04	7	3.385310e-03	2.483680e-04	7	false	GAMG	1.860850e-03	8.324050e-06	4	true
231           	smoothSolver	1.708300e-04	1.583440e-05	7	4.343810e-03	3.289720e-04	7	3.343400e-03	3.317180e-04	6	false	GAMG	1.844910e-03	8.279420e-06	4	true
232           	smoothSolver	1.692140e-04	1.570890e-05	7	4.346620e-03	3.301880e-04	7	3.316380e-03	3.279140e-04	6	false	GAMG	1.828220e-03	8.318290e-06	4	true
233           	smoothSolver	1.698720e-04	1.580090e-05	7	4.381980e-03	3.358710e-04	7	3.319540e-03	3.296780e-04	6	false	GAMG	1.809690e-03	8.525270e-06	4	true
234           	smoothSolver	1.703930e-04	1.593220e-05	7	4.405540e-03	3.413360e-04	7	3.328170e-03	2.454880e-04	7	false	GAMG	1.782880e-03	8.630400e-06	4	true
235           	smoothSolver	1.709040e-04	1.614780e-05	7	4.417040e-03	3.456660e-04	7	3.311430e-03	2.466040e-04	7	false	GAMG	1.755330e-03	8.497880e-06	4	true
236           	smoothSolver	1.711900e-04	1.646960e-05	7	4.391530e-03	3.472300e-04	7	3.292470e-03	2.490320e-04	7	false	GAMG	1.723910e-03	8.201430e-06	4	true
237           	smoothSolver	1.714320e-04	1.682590e-05	7	4.351530e-03	3.486400e-04	7	3.270170e-03	2.519690e-04	7	false	GAMG	1.693980e-03	7.942240e-06	4	true
238           	smoothSolver	1.711370e-04	1.296900e-05	8	4.300460e-03	3.512950e-04	7	3.249220e-03	2.555920e-04	7	false	GAMG	1.672830e-03	7.984500e-06	4	true
239           	smoothSolver	1.718790e-04	1.304940e-05	8	4.285610e-03	3.544370e-04	7	3.245200e-03	2.608850e-04	7	false	GAMG	1.658040e-03	8.280110e-06	4	true
240           	smoothSolver	1.727440e-04	1.317060e-05	8	4.280350e-03	3.563700e-04	7	3.248220e-03	2.642690e-04	7	false	GAMG	1.652210e-03	8.640580e-06	4	true
241           	smoothSolver	1.750480e-04	1.336060e-05	8	4.309750e-03	3.592220e-04	7	3.268080e-03	2.685700e-04	7	false	GAMG	1.660400e-03	8.833940e-06	4	true
242           	smoothSolver	1.779090e-04	1.359760e-05	8	4.368850e-03	3.640790e-04	7	3.315430e-03	2.730040e-04	7	false	GAMG	1.679790e-03	8.910520e-06	4	true
243           	smoothSolver	1.812920e-04	1.378470e-05	8	4.470770e-03	3.702970e-04	7	3.377520e-03	2.782590e-04	7	false	GAMG	1.710940e-03	8.876720e-06	4	true
244           	smoothSolver	1.849390e-04	1.408390e-05	8	4.591740e-03	3.820080e-04	7	3.460000e-03	2.864390e-04	7	false	GAMG	1.748180e-03	8.933700e-06	4	true
245           	smoothSolver	1.899460e-04	1.441280e-05	8	4.738230e-03	3.951810e-04	7	3.557970e-03	2.956070e-04	7	false	GAMG	1.790530e-03	8.984160e-06	4	true
246           	smoothSolver	1.941000e-04	1.470220e-05	8	4.890920e-03	4.074630e-04	7	3.669230e-03	3.039480e-04	7	false	GAMG	1.843420e-03	9.204400e-06	4	true
247           	smoothSolver	1.983720e-04	1.977170e-05	7	5.020940e-03	4.172950e-04	7	3.776820e-03	3.119020e-04	7	false	GAMG	1.892420e-03	9.289730e-06	4	true
248           	smoothSolver	2.024850e-04	2.001920e-05	7	5.136490e-03	4.240890e-04	7	3.880330e-03	3.183810e-04	7	false	GAMG	1.939450e-03	9.174150e-06	4	true
249           	smoothSolver	2.067360e-04	2.032800e-05	7	5.253440e-03	4.293500e-04	7	3.974390e-03	3.262260e-04	7	false	GAMG	1.983910e-03	9.173740e-06	4	true
250           	smoothSolver	2.106650e-04	2.069360e-05	7	5.389340e-03	4.384610e-04	7	4.074160e-03	3.349860e-04	7	false	GAMG	2.031380e-03	9.341550e-06	4	true
251           	smoothSolver	2.160420e-04	2.126250e-05	7	5.538130e-03	4.512710e-04	7	4.182660e-03	3.442810e-04	7	false	GAMG	2.079810e-03	9.745450e-06	4	true
252           	smoothSolver	2.215130e-04	2.186240e-05	7	5.709910e-03	4.642320e-04	7	4.302520e-03	3.534640e-04	7	false	GAMG	2.131790e-03	1.023760e-05	4	true
253           	smoothSolver	2.263320e-04	2.240550e-05	7	5.842460e-03	4.748970e-04	7	4.406650e-03	3.614910e-04	7	false	GAMG	2.173990e-03	1.055130e-05	4	true
254           	smoothSolver	2.308140e-04	2.294050e-05	7	5.949810e-03	4.837610e-04	7	4.496280e-03	3.644620e-04	7	false	GAMG	2.225940e-03	1.068950e-05	4	true
255           	smoothSolver	2.364010e-04	2.358520e-05	7	6.061850e-03	4.913680e-04	7	4.601440e-03	3.681280e-04	7	false	GAMG	2.257480e-03	1.078840e-05	4	true
256           	smoothSolver	2.409220e-04	1.829770e-05	8	6.171100e-03	4.975720e-04	7	4.690080e-03	3.712680e-04	7	false	GAMG	2.289520e-03	1.102800e-05	4	true
257           	smoothSolver	2.436480e-04	1.860290e-05	8	6.230010e-03	4.986970e-04	7	4.763100e-03	3.750920e-04	7	false	GAMG	2.309860e-03	1.120430e-05	4	true
258           	smoothSolver	2.457900e-04	1.884360e-05	8	6.258670e-03	4.983310e-04	7	4.774220e-03	3.739600e-04	7	false	GAMG	2.336750e-03	1.112000e-05	4	true
259           	smoothSolver	2.474010e-04	1.897770e-05	8	6.269020e-03	4.978490e-04	7	4.789950e-03	3.711530e-04	7	false	GAMG	2.367610e-03	1.103160e-05	4	true
260           	smoothSolver	2.488080e-04	1.894890e-05	8	6.256860e-03	4.957320e-04	7	4.784430e-03	3.672530e-04	7	false	GAMG	2.394540e-03	1.110540e-05	4	true
261           	smoothSolver	2.503930e-04	2.482810e-05	7	6.235080e-03	4.891470e-04	7	4.799080e-03	3.633070e-04	7	false	GAMG	2.423350e-03	1.156380e-05	4	true
262           	smoothSolver	2.507460e-04	2.456860e-05	7	6.211330e-03	4.786550e-04	7	4.829470e-03	3.591630e-04	7	false	GAMG	2.467950e-03	1.163800e-05	4	true
263           	smoothSolver	2.510350e-04	2.441510e-05	7	6.196070e-03	4.689850e-04	7	4.871020e-03	4.867930e-04	6	false	GAMG	2.501990e-03	1.103610e-05	4	true
264           	smoothSolver	2.506860e-04	2.410700e-05	7	6.213130e-03	4.640320e-04	7	4.927620e-03	4.880860e-04	6	false	GAMG	2.539440e-03	1.100920e-05	4	true
265           	smoothSolver	2.496150e-04	2.369700e-05	7	6.233610e-03	4.615540e-04	7	4.953100e-03	4.916390e-04	6	false	GAMG	2.543460e-03	1.121150e-05	4	true
266           	smoothSolver	2.468610e-04	2.333980e-05	7	6.189510e-03	4.605870e-04	7	4.954870e-03	4.944660e-04	6	false	GAMG	2.560830e-03	1.133300e-05	4	true
267           	smoothSolver	2.458040e-04	2.315680e-05	7	6.143760e-03	4.577560e-04	7	4.934050e-03	3.631290e-04	7	false	GAMG	2.569810e-03	1.138960e-05	4	true
268           	smoothSolver	2.442040e-04	2.320760e-05	7	6.076770e-03	4.533360e-04	7	4.890150e-03	3.598680e-04	7	false	GAMG	2.572090e-03	1.126230e-05	4	true
269           	smoothSolver	2.432430e-04	2.330970e-05	7	6.007330e-03	4.449300e-04	7	4.845460e-03	4.836130e-04	6	false	GAMG	2.570990e-03	1.114760e-05	4	true
270           	smoothSolver	2.418710e-04	2.327640e-05	7	5.914360e-03	5.894220e-04	6	4.803070e-03	4.794380e-04	6	false	GAMG	2.547160e-03	1.107800e-05	4	true
271           	smoothSolver	2.396820e-04	2.297480e-05	7	5.808870e-03	5.714890e-04	6	4.749830e-03	4.721930e-04	6	false	GAMG	2.514660e-03	1.109660e-05	4	true
272           	smoothSolver	2.355790e-04	2.247190e-05	7	5.700860e-03	5.573530e-04	6	4.678250e-03	4.646130e-04	6	false	GAMG	2.476560e-03	1.091370e-05	4	true
273           	smoothSolver	2.317470e-04	2.192480e-05	7	5.602800e-03	5.467560e-04	6	4.604920e-03	4.583260e-04	6	false	GAMG	2.445240e-03	1.083570e-05	4	true
274           	smoothSolver	2.274470e-04	2.142170e-05	7	5.519160e-03	5.384260e-04	6	4.538960e-03	4.532790e-04	6	false	GAMG	2.415440e-03	1.088190e-05	4	true
275           	smoothSolver	2.244160e-04	2.103470e-05	7	5.471620e-03	5.351590e-04	6	4.483570e-03	3.310990e-04	7	false	GAMG	2.388640e-03	1.110320e-05	4	true
276           	smoothSolver	2.218300e-04	2.081100e-05	7	5.446830e-03	5.379560e-04	6	4.428860e-03	3.276920e-04	7	false	GAMG	2.359440e-03	1.101270e-05	4	true
277           	smoothSolver	2.203530e-04	2.072100e-05	7	5.429550e-03	5.414560e-04	6	4.397640e-03	3.261430e-04	7	false	GAMG	2.329870e-03	1.078140e-05	4	true
278           	smoothSolver	2.184800e-04	2.076220e-05	7	5.410730e-03	4.039460e-04	7	4.373850e-03	3.263670e-04	7	false	GAMG	2.301080e-03	1.042140e-05	4	true
279           	smoothSolver	2.173560e-04	2.096550e-05	7	5.373260e-03	4.089040e-04	7	4.357520e-03	3.290070e-04	7	false	GAMG	2.263570e-03	9.925880e-06	4	true
280           	smoothSolver	2.152520e-04	2.122010e-05	7	5.316070e-03	4.117770e-04	7	4.340060e-03	3.312170e-04	7	false	GAMG	2.225940e-03	9.531810e-06	4	true
281           	smoothSolver	2.140690e-04	1.627640e-05	8	5.248920e-03	4.119960e-04	7	4.315130e-03	3.329170e-04	7	false	GAMG	2.195120e-03	9.333440e-06	4	true
282           	smoothSolver	2.123200e-04	1.629130e-05	8	5.181580e-03	4.107490e-04	7	4.287660e-03	3.344360e-04	7	false	GAMG	2.168640e-03	9.264120e-06	4	true
283           	smoothSolver	2.114540e-04	1.616940e-05	8	5.125130e-03	4.066440e-04	7	4.262060e-03	3.338500e-04	7	false	GAMG	2.151460e-03	9.156020e-06	4	true
284           	smoothSolver	2.101090e-04	1.600670e-05	8	5.059910e-03	4.014050e-04	7	4.240490e-03	3.315900e-04	7	false	GAMG	2.139900e-03	9.035060e-06	4	true
285           	smoothSolver	2.096410e-04	2.086980e-05	7	5.021080e-03	3.973890e-04	7	4.222180e-03	3.288200e-04	7	false	GAMG	2.137280e-03	8.984470e-06	4	true
286           	smoothSolver	2.088870e-04	2.071570e-05	7	4.983580e-03	3.930970e-04	7	4.215540e-03	3.259690e-04	7	false	GAMG	2.134590e-03	8.843070e-06	4	true
287           	smoothSolver	2.086390e-04	2.049130e-05	7	4.958030e-03	3.885590e-04	7	4.212410e-03	3.240410e-04	7	false	GAMG	2.134530e-03	8.751030e-06	4	true
288           	smoothSolver	2.075310e-04	2.017280e-05	7	4.931690e-03	3.849220e-04	7	4.213600e-03	3.242550e-04	7	false	GAMG	2.133350e-03	8.707410e-06	4	true
289           	smoothSolver	2.066500e-04	1.982560e-05	7	4.915110e-03	3.809450e-04	7	4.224500e-03	3.246900e-04	7	false	GAMG	2.142380e-03	8.671540e-06	4	true
290           	smoothSolver	2.052250e-04	1.947360e-05	7	4.906690e-03	3.766550e-04	7	4.244770e-03	3.242230e-04	7	false	GAMG	2.144780e-03	8.546260e-06	4	true
291           	smoothSolver	2.038950e-04	1.910970e-05	7	4.897860e-03	3.700080e-04	7	4.242660e-03	3.221740e-04	7	false	GAMG	2.144290e-03	8.427790e-06	4	true
292           	smoothSolver	2.020400e-04	1.883600e-05	7	4.889810e-03	3.648660e-04	7	4.240070e-03	3.201540e-04	7	false	GAMG	2.144450e-03	8.260950e-06	4	true
293           	smoothSolver	2.005200e-04	1.869280e-05	7	4.878910e-03	3.605750e-04	7	4.235960e-03	3.173810e-04	7	false	GAMG	2.151230e-03	8.225640e-06	4	true
294           	smoothSolver	2.002440e-04	1.878510e-05	7	4.898170e-03	3.610320e-04	7	4.236540e-03	3.165810e-04	7	false	GAMG	2.150560e-03	8.451200e-06	4	true
295           	smoothSolver	1.997530e-04	1.895700e-05	7	4.922960e-03	3.626710e-04	7	4.237290e-03	3.163340e-04	7	false	GAMG	2.155730e-03	8.907310e-06	4	true
296           	smoothSolver	1.998110e-04	1.920890e-05	7	4.934590e-03	3.652240e-04	7	4.238410e-03	3.169530e-04	7	false	GAMG	2.157580e-03	9.213290e-06	4	true
297           	smoothSolver	2.002030e-04	1.942150e-05	7	4.931740e-03	3.682750e-04	7	4.242720e-03	3.170170e-04	7	false	GAMG	2.151310e-03	9.074170e-06	4	true
298           	smoothSolver	1.998440e-04	1.965630e-05	7	4.922430e-03	3.736700e-04	7	4.257200e-03	3.184780e-04	7	false	GAMG	2.135270e-03	8.524840e-06	4	true
299           	smoothSolver	2.000470e-04	1.990860e-05	7	4.917530e-03	3.794050e-04	7	4.258500e-03	3.186910e-04	7	false	GAMG	2.122160e-03	2.084530e-05	3	true
300           	smoothSolver	1.997530e-04	1.992430e-05	7	4.870690e-03	3.788700e-04	7	4.227250e-03	3.164550e-04	7	false	GAMG	2.104230e-03	9.322680e-06	4	true
301           	smoothSolver	2.006910e-04	1.988630e-05	7	4.895910e-03	3.858090e-04	7	4.226140e-03	3.189390e-04	7	false	GAMG	2.091880e-03	8.469020e-06	4	true
302           	smoothSolver	1.983780e-04	1.958030e-05	7	4.813880e-03	3.803120e-04	7	4.175790e-03	3.155670e-04	7	false	GAMG	2.082030e-03	8.504180e-06	4	true
303           	smoothSolver	1.967550e-04	1.929950e-05	7	4.762820e-03	3.758880e-04	7	4.114940e-03	3.101690e-04	7	false	GAMG	2.071030e-03	8.558300e-06	4	true
304           	smoothSolver	1.939030e-04	1.879830e-05	7	4.710020e-03	3.699390e-04	7	4.040320e-03	3.027900e-04	7	false	GAMG	2.061100e-03	8.490520e-06	4	true
305           	smoothSolver	1.912680e-04	1.838690e-05	7	4.681060e-03	3.620690e-04	7	3.978090e-03	2.940460e-04	7	false	GAMG	2.062140e-03	8.559340e-06	4	true
306           	smoothSolver	1.893750e-04	1.802260e-05	7	4.671890e-03	3.550300e-04	7	3.949170e-03	3.915340e-04	6	false	GAMG	2.063350e-03	8.504290e-06	4	true
307           	smoothSolver	1.878570e-04	1.765100e-05	7	4.677760e-03	3.515490e-04	7	3.933340e-03	3.865690e-04	6	false	GAMG	2.072730e-03	8.376480e-06	4	true
308           	smoothSolver	1.864780e-04	1.733940e-05	7	4.675310e-03	3.508960e-04	7	3.927530e-03	3.860630e-04	6	false	GAMG	2.070180e-03	8.450380e-06	4	true
309           	smoothSolver	1.857200e-04	1.719770e-05	7	4.678400e-03	3.511130e-04	7	3.901470e-03	3.855050e-04	6	false	GAMG	2.065910e-03	8.474360e-06	4	true
310           	smoothSolver	1.840660e-04	1.708710e-05	7	4.653470e-03	3.483150e-04	7	3.875160e-03	3.834460e-04	6	false	GAMG	2.053730e-03	8.519890e-06	4	true
311           	smoothSolver	1.826670e-04	1.701920e-05	7	4.612970e-03	3.430230e-04	7	3.833430e-03	3.798250e-04	6	false	GAMG	2.045410e-03	8.513040e-06	4	true
312           	smoothSolver	1.810560e-04	1.693580e-05	7	4.559510e-03	3.372690e-04	7	3.815250e-03	3.761530e-04	6	false	GAMG	2.037190e-03	8.527610e-06	4	true
313           	smoothSolver	1.802510e-04	1.676910e-05	7	4.517490e-03	4.492560e-04	6	3.785430e-03	3.723000e-04	6	false	GAMG	2.037400e-03	8.342170e-06	4	true
314           	smoothSolver	1.789310e-04	1.661460e-05	7	4.478740e-03	4.431750e-04	6	3.772590e-03	3.663960e-04	6	false	GAMG	2.031530e-03	8.290780e-06	4	true
315           	smoothSolver	1.788960e-04	1.646410e-05	7	4.478110e-03	4.388020e-04	6	3.741410e-03	3.596370e-04	6	false	GAMG	2.031590e-03	8.358090e-06	4	true
316           	smoothSolver	1.777460e-04	1.627640e-05	7	4.471670e-03	4.341360e-04	6	3.718110e-03	3.537850e-04	6	false	GAMG	2.024900e-03	8.497510e-06	4	true
317           	smoothSolver	1.774390e-04	1.620030e-05	7	4.482550e-03	4.323670e-04	6	3.700230e-03	3.509960e-04	6	false	GAMG	2.020540e-03	8.707460e-06	4	true
318           	smoothSolver	1.771980e-04	1.621060e-05	7	4.500000e-03	4.334700e-04	6	3.680980e-03	3.503600e-04	6	false	GAMG	2.004180e-03	8.837340e-06	4	true
319           	smoothSolver	1.778900e-04	1.623750e-05	7	4.529780e-03	4.368990e-04	6	3.670350e-03	3.509720e-04	6	false	GAMG	1.987000e-03	8.891190e-06	4	true
320           	smoothSolver	1.777650e-04	1.627680e-05	7	4.544420e-03	4.409740e-04	6	3.658300e-03	3.520390e-04	6	false	GAMG	1.969250e-03	9.012920e-06	4	true
321           	smoothSolver	1.788900e-04	1.638490e-05	7	4.559840e-03	4.458000e-04	6	3.666970e-03	3.551600e-04	6	false	GAMG	1.956540e-03	9.120330e-06	4	true
322           	smoothSolver	1.795590e-04	1.648680e-05	7	4.552950e-03	4.510200e-04	6	3.679480e-03	3.591370e-04	6	false	GAMG	1.941930e-03	9.124570e-06	4	true
323           	smoothSolver	1.805140e-04	1.666750e-05	7	4.555110e-03	3.354860e-04	7	3.688630e-03	3.645350e-04	6	false	GAMG	1.933110e-03	9.070810e-06	4	true
324           	smoothSolver	1.810520e-04	1.692050e-05	7	4.512150e-03	3.346970e-04	7	3.692450e-03	3.690370e-04	6	false	GAMG	1.919270e-03	9.094150e-06	4	true
325           	smoothSolver	1.818280e-04	1.707550e-05	7	4.484390e-03	3.324200e-04	7	3.690240e-03	2.752920e-04	7	false	GAMG	1.906090e-03	9.077400e-06	4	true
326           	smoothSolver	1.819100e-04	1.724440e-05	7	4.437080e-03	3.305120e-04	7	3.664030e-03	2.746840e-04	7	false	GAMG	1.901670e-03	8.955490e-06	4	true
327           	smoothSolver	1.828430e-04	1.728940e-05	7	4.431860e-03	3.293860e-04	7	3.648020e-03	2.758190e-04	7	false	GAMG	1.911170e-03	8.889420e-06	4	true
328           	smoothSolver	1.834120e-04	1.738960e-05	7	4.437050e-03	3.300960e-04	7	3.643670e-03	2.771340e-04	7	false	GAMG	1.919590e-03	8.857420e-06	4	true
329           	smoothSolver	1.844070e-04	1.740190e-05	7	4.458600e-03	3.326690e-04	7	3.656560e-03	2.790970e-04	7	false	GAMG	1.934210e-03	8.840840e-06	4	true
330           	smoothSolver	1.843680e-04	1.740420e-05	7	4.475000e-03	3.349180e-04	7	3.687170e-03	2.810460e-04	7	false	GAMG	1.941870e-03	8.902070e-06	4	true
331           	smoothSolver	1.844510e-04	1.730840e-05	7	4.477650e-03	3.363830e-04	7	3.711640e-03	2.825760e-04	7	false	GAMG	1.946720e-03	8.987370e-06	4	true
332           	smoothSolver	1.840840e-04	1.721550e-05	7	4.461590e-03	3.370500e-04	7	3.724770e-03	2.826010e-04	7	false	GAMG	1.936070e-03	9.061090e-06	4	true
333           	smoothSolver	1.825840e-04	1.698910e-05	7	4.442070e-03	3.368540e-04	7	3.726620e-03	2.813760e-04	7	false	GAMG	1.928440e-03	8.969570e-06	4	true
334           	smoothSolver	1.803230e-04	1.672170e-05	7	4.408280e-03	3.359700e-04	7	3.712660e-03	2.788350e-04	7	false	GAMG	1.922410e-03	8.809190e-06	4	true
335           	smoothSolver	1.788300e-04	1.646500e-05	7	4.395590e-03	3.341130e-04	7	3.684660e-03	2.761450e-04	7	false	GAMG	1.921310e-03	8.500280e-06	4	true
336           	smoothSolver	1.770440e-04	1.621940e-05	7	4.385520e-03	3.320030e-04	7	3.665640e-03	2.743530e-04	7	false	GAMG	1.916780e-03	8.216500e-06	4	true
337           	smoothSolver	1.755280e-04	1.602590e-05	7	4.395130e-03	3.303060e-04	7	3.656370e-03	2.732120e-04	7	false	GAMG	1.918450e-03	7.962300e-06	4	true
338           	smoothSolver	1.752340e-04	1.600420e-05	7	4.411590e-03	3.291030e-04	7	3.657190e-03	2.724990e-04	7	false	GAMG	1.923620e-03	7.890690e-06	4	true
339           	smoothSolver	1.757390e-04	1.617100e-05	7	4.446380e-03	3.300050e-04	7	3.672420e-03	2.723310e-04	7	false	GAMG	1.932090e-03	7.925790e-06	4	true
340           	smoothSolver	1.767380e-04	1.644910e-05	7	4.472350e-03	3.317510e-04	7	3.712550e-03	2.737990e-04	7	false	GAMG	1.937660e-03	8.132240e-06	4	true
341           	smoothSolver	1.786610e-04	1.678310e-05	7	4.509940e-03	3.378080e-04	7	3.764610e-03	2.771580e-04	7	false	GAMG	1.951910e-03	8.396330e-06	4	true
342           	smoothSolver	1.801540e-04	1.708910e-05	7	4.561390e-03	3.477400e-04	7	3.829940e-03	2.822320e-04	7	false	GAMG	1.975850e-03	8.306730e-06	4	true
343           	smoothSolver	1.820120e-04	1.744350e-05	7	4.622020e-03	3.612740e-04	7	3.918430e-03	2.894350e-04	7	false	GAMG	2.001870e-03	8.242110e-06	4	true
344           	smoothSolver	1.841300e-04	1.766510e-05	7	4.703190e-03	3.720210e-04	7	3.992140e-03	2.958440e-04	7	false	GAMG	2.013660e-03	8.333260e-06	4	true
345           	smoothSolver	1.847170e-04	1.756570e-05	7	4.752020e-03	3.741340e-04	7	4.007460e-03	2.971450e-04	7	false	GAMG	2.019860e-03	8.649790e-06	4	true
346           	smoothSolver	1.831440e-04	1.723880e-05	7	4.741070e-03	3.682330e-04	7	3.980800e-03	2.937270e-04	7	false	GAMG	2.021830e-03	8.689550e-06	4	true
347           	smoothSolver	1.815670e-04	1.690570e-05	7	4.672730e-03	3.575960e-04	7	3.935090e-03	3.907700e-04	6	false	GAMG	2.015650e-03	8.485950e-06	4	true
348           	smoothSolver	1.784230e-04	1.636180e-05	7	4.584840e-03	3.452140e-04	7	3.857280e-03	3.798380e-04	6	false	GAMG	2.009320e-03	8.307990e-06	4	true
349           	smoothSolver	1.747680e-04	1.576940e-05	7	4.483550e-03	3.307140e-04	7	3.791520e-03	3.679360e-04	6	false	GAMG	2.002580e-03	8.226590e-06	4	true
350           	smoothSolver	1.713300e-04	1.525760e-05	7	4.387860e-03	4.323040e-04	6	3.722850e-03	3.558410e-04	6	false	GAMG	1.992580e-03	8.288210e-06	4	true
351           	smoothSolver	1.690910e-04	1.493530e-05	7	4.324450e-03	4.200640e-04	6	3.681760e-03	3.499800e-04	6	false	GAMG	1.987830e-03	8.334740e-06	4	true
352           	smoothSolver	1.673130e-04	1.471030e-05	7	4.278940e-03	4.144250e-04	6	3.647300e-03	3.477690e-04	6	false	GAMG	1.983030e-03	8.249660e-06	4	true
353           	smoothSolver	1.664100e-04	1.462180e-05	7	4.253560e-03	4.098710e-04	6	3.610240e-03	3.457460e-04	6	false	GAMG	1.979040e-03	8.309940e-06	4	true
354           	smoothSolver	1.646310e-04	1.444230e-05	7	4.210550e-03	4.047660e-04	6	3.570280e-03	3.423450e-04	6	false	GAMG	1.963320e-03	8.333600e-06	4	true
355           	smoothSolver	1.631030e-04	1.434820e-05	7	4.171970e-03	4.006060e-04	6	3.526700e-03	3.375880e-04	6	false	GAMG	1.943890e-03	8.455790e-06	4	true
356           	smoothSolver	1.615690e-04	1.423420e-05	7	4.128020e-03	3.957930e-04	6	3.484280e-03	3.312210e-04	6	false	GAMG	1.924350e-03	8.493010e-06	4	true
357           	smoothSolver	1.605530e-04	1.412330e-05	7	4.082990e-03	3.901410e-04	6	3.440350e-03	3.240930e-04	6	false	GAMG	1.911930e-03	8.600140e-06	4	true
358           	smoothSolver	1.594190e-04	1.406970e-05	7	4.044800e-03	3.870750e-04	6	3.420610e-03	3.180390e-04	6	false	GAMG	1.904060e-03	8.646890e-06	4	true
359           	smoothSolver	1.597920e-04	1.408280e-05	7	4.047740e-03	3.874400e-04	6	3.394920e-03	3.138730e-04	6	false	GAMG	1.904910e-03	8.799150e-06	4	true
360           	smoothSolver	1.599950e-04	1.413820e-05	7	4.057600e-03	3.908980e-04	6	3.386650e-03	3.124230e-04	6	false	GAMG	1.905150e-03	8.930490e-06	4	true
361           	smoothSolver	1.610380e-04	1.436450e-05	7	4.107900e-03	3.996760e-04	6	3.387460e-03	3.151380e-04	6	false	GAMG	1.900370e-03	9.135020e-06	4	true
362           	smoothSolver	1.627270e-04	1.464850e-05	7	4.159860e-03	4.122530e-04	6	3.402010e-03	3.209960e-04	6	false	GAMG	1.891230e-03	9.304860e-06	4	true
363           	smoothSolver	1.645020e-04	1.489730e-05	7	4.227420e-03	3.118440e-04	7	3.408650e-03	3.286340e-04	6	false	GAMG	1.881490e-03	9.487060e-06	4	true
364           	smoothSolver	1.665330e-04	1.521200e-05	7	4.271130e-03	3.210270e-04	7	3.430480e-03	3.367710e-04	6	false	GAMG	1.876860e-03	9.501960e-06	4	true
365           	smoothSolver	1.689900e-04	1.559720e-05	7	4.296550e-03	3.263450e-04	7	3.455410e-03	3.444900e-04	6	false	GAMG	1.880150e-03	9.442800e-06	4	true
366           	smoothSolver	1.708270e-04	1.589320e-05	7	4.311240e-03	3.287370e-04	7	3.497170e-03	2.590970e-04	7	false	GAMG	1.878180e-03	9.407920e-06	4	true
367           	smoothSolver	1.725320e-04	1.621860e-05	7	4.301000e-03	3.296640e-04	7	3.504760e-03	2.603290e-04	7	false	GAMG	1.885970e-03	9.203720e-06	4	true
368           	smoothSolver	1.735640e-04	1.645030e-05	7	4.278830e-03	3.275020e-04	7	3.508650e-03	2.607880e-04	7	false	GAMG	1.883790e-03	9.140080e-06	4	true
369           	smoothSolver	1.741550e-04	1.652270e-05	7	4.232580e-03	3.241460e-04	7	3.496750e-03	2.604190e-04	7	false	GAMG	1.883250e-03	8.905090e-06	4	true
370           	smoothSolver	1.739470e-04	1.660610e-05	7	4.179140e-03	3.220730e-04	7	3.478160e-03	2.603980e-04	7	false	GAMG	1.871960e-03	8.670280e-06	4	true
371           	smoothSolver	1.734050e-04	1.656250e-05	7	4.131760e-03	3.195940e-04	7	3.435170e-03	2.589650e-04	7	false	GAMG	1.864400e-03	8.438640e-06	4	true
372           	smoothSolver	1.721770e-04	1.661670e-05	7	4.087870e-03	3.173590e-04	7	3.398430e-03	2.569980e-04	7	false	GAMG	1.852320e-03	8.370960e-06	4	true
373           	smoothSolver	1.727510e-04	1.670630e-05	7	4.059640e-03	3.151230e-04	7	3.371860e-03	2.565510e-04	7	false	GAMG	1.844070e-03	8.260180e-06	4	true
374           	smoothSolver	1.727660e-04	1.673340e-05	7	4.047850e-03	3.140750e-04	7	3.364370e-03	2.568560e-04	7	false	GAMG	1.833550e-03	8.193750e-06	4	true
375           	smoothSolver	1.733080e-04	1.665430e-05	7	4.046240e-03	3.133140e-04	7	3.365080e-03	2.577110e-04	7	false	GAMG	1.830260e-03	8.183850e-06	4	true
376           	smoothSolver	1.731310e-04	1.648620e-05	7	4.045480e-03	3.139000e-04	7	3.367390e-03	2.581650e-04	7	false	GAMG	1.818970e-03	8.064580e-06	4	true
377           	smoothSolver	1.727730e-04	1.630820e-05	7	4.036190e-03	3.128320e-04	7	3.374820e-03	2.574750e-04	7	false	GAMG	1.813320e-03	7.901060e-06	4	true
378           	smoothSolver	1.717620e-04	1.613200e-05	7	4.026000e-03	3.115130e-04	7	3.378460e-03	2.567590e-04	7	false	GAMG	1.803470e-03	7.707760e-06	4	true
379           	smoothSolver	1.697470e-04	1.591190e-05	7	4.015180e-03	3.078500e-04	7	3.373870e-03	2.550970e-04	7	false	GAMG	1.801300e-03	7.561460e-06	4	true
380           	smoothSolver	1.676920e-04	1.568090e-05	7	4.000100e-03	3.040540e-04	7	3.369820e-03	2.519500e-04	7	false	GAMG	1.795860e-03	7.695450e-06	4	true
381           	smoothSolver	1.659920e-04	1.545900e-05	7	4.003810e-03	3.007400e-04	7	3.357490e-03	2.481660e-04	7	false	GAMG	1.795630e-03	7.904440e-06	4	true
382           	smoothSolver	1.646570e-04	1.519910e-05	7	4.025060e-03	2.994400e-04	7	3.356640e-03	3.345520e-04	6	false	GAMG	1.794300e-03	8.273750e-06	4	true
383           	smoothSolver	1.643480e-04	1.510340e-05	7	4.055410e-03	2.999550e-04	7	3.373200e-03	3.354170e-04	6	false	GAMG	1.798580e-03	8.625840e-06	4	true
384           	smoothSolver	1.654110e-04	1.522790e-05	7	4.101010e-03	3.037730e-04	7	3.417690e-03	3.389030e-04	6	false	GAMG	1.796070e-03	8.849580e-06	4	true
385           	smoothSolver	1.667500e-04	1.542480e-05	7	4.144680e-03	3.083140e-04	7	3.456910e-03	3.439970e-04	6	false	GAMG	1.800210e-03	8.876420e-06	4	true
386           	smoothSolver	1.675310e-04	1.568160e-05	7	4.166160e-03	3.119080e-04	7	3.503940e-03	2.589290e-04	7	false	GAMG	1.802860e-03	8.883770e-06	4	true
387           	smoothSolver	1.693330e-04	1.612990e-05	7	4.203980e-03	3.191910e-04	7	3.532870e-03	2.641070e-04	7	false	GAMG	1.811810e-03	8.609730e-06	4	true
388           	smoothSolver	1.716540e-04	1.668120e-05	7	4.238380e-03	3.268980e-04	7	3.590410e-03	2.716270e-04	7	false	GAMG	1.825900e-03	8.475940e-06	4	true
389           	smoothSolver	1.746740e-04	1.723560e-05	7	4.287670e-03	3.374370e-04	7	3.650580e-03	2.803950e-04	7	false	GAMG	1.853260e-03	8.607940e-06	4	true
390           	smoothSolver	1.778620e-04	1.769860e-05	7	4.341140e-03	3.478770e-04	7	3.738530e-03	2.899400e-04	7	false	GAMG	1.880280e-03	8.711220e-06	4	true
391           	smoothSolver	1.810310e-04	1.375490e-05	8	4.411070e-03	3.598840e-04	7	3.829130e-03	3.004180e-04	7	false	GAMG	1.909410e-03	8.528930e-06	4	true
392           	smoothSolver	1.831360e-04	1.401190e-05	8	4.497710e-03	3.712010e-04	7	3.940090e-03	3.111300e-04	7	false	GAMG	1.937650e-03	8.558970e-06	4	true
393           	smoothSolver	1.854980e-04	1.853550e-05	7	4.578260e-03	3.733840e-04	7	3.982290e-03	3.137630e-04	7	false	GAMG	1.953580e-03	8.818340e-06	4	true
394           	smoothSolver	1.853500e-04	1.841160e-05	7	4.592420e-03	3.672530e-04	7	3.984550e-03	3.094710e-04	7	false	GAMG	1.963540e-03	8.885820e-06	4	true
395           	smoothSolver	1.852050e-04	1.836280e-05	7	4.554920e-03	3.580430e-04	7	3.952540e-03	3.019380e-04	7	false	GAMG	1.971390e-03	8.657680e-06	4	true
396           	smoothSolver	1.848470e-04	1.825060e-05	7	4.504610e-03	3.517400e-04	7	3.911690e-03	2.952030e-04	7	false	GAMG	1.974730e-03	8.491630e-06	4	true
397           	smoothSolver	1.846720e-04	1.812570e-05	7	4.476990e-03	3.489580e-04	7	3.876290e-03	2.907960e-04	7	false	GAMG	1.983190e-03	8.851920e-06	4	true
398           	smoothSolver	1.846540e-04	1.805350e-05	7	4.473470e-03	3.460200e-04	7	3.876490e-03	2.887490e-04	7	false	GAMG	1.983490e-03	9.374180e-06	4	true
399           	smoothSolver	1.851940e-04	1.794610e-05	7	4.498240e-03	3.437930e-04	7	3.865750e-03	2.878490e-04	7	false	GAMG	1.994780e-03	9.794880e-06	4	true
400           	smoothSolver	1.848270e-04	1.770080e-05	7	4.494450e-03	3.384960e-04	7	3.879160e-03	2.871790e-04	7	false	GAMG	2.006740e-03	1.000100e-05	4	true
401           	smoothSolver	1.842930e-04	1.740470e-05	7	4.482150e-03	3.329300e-04	7	3.876770e-03	2.871180e-04	7	false	GAMG	2.015250e-03	9.929260e-06	4	true
402           	smoothSolver	1.836850e-04	1.706030e-05	7	4.462420e-03	3.302270e-04	7	3.870480e-03	3.844830e-04	6	false	GAMG	2.012530e-03	9.503280e-06	4	true
403           	smoothSolver	1.833970e-04	1.666280e-05	7	4.429870e-03	3.255930e-04	7	3.842530e-03	3.763340e-04	6	false	GAMG	2.010030e-03	9.333760e-06	4	true
404           	smoothSolver	1.823890e-04	1.631710e-05	7	4.414890e-03	4.414550e-04	6	3.821080e-03	3.665150e-04	6	false	GAMG	2.002540e-03	9.295000e-06	4	true
405           	smoothSolver	1.821010e-04	1.610240e-05	7	4.425450e-03	4.390720e-04	6	3.798370e-03	3.593770e-04	6	false	GAMG	2.006900e-03	9.478210e-06	4	true
406           	smoothSolver	1.816910e-04	1.604240e-05	7	4.452720e-03	4.402140e-04	6	3.799790e-03	3.579980e-04	6	false	GAMG	2.011980e-03	9.646720e-06	4	true
407           	smoothSolver	1.816570e-04	1.626710e-05	7	4.503080e-03	4.452280e-04	6	3.790650e-03	3.597650e-04	6	false	GAMG	2.022600e-03	9.743730e-06	4	true
408           	smoothSolver	1.825150e-04	1.655480e-05	7	4.551320e-03	4.535360e-04	6	3.824940e-03	3.682030e-04	6	false	GAMG	2.026690e-03	9.790030e-06	4	true
409           	smoothSolver	1.843910e-04	1.688360e-05	7	4.606150e-03	3.393340e-04	7	3.850420e-03	3.772140e-04	6	false	GAMG	2.022150e-03	9.890170e-06	4	true
410           	smoothSolver	1.857040e-04	1.711870e-05	7	4.625480e-03	3.485880e-04	7	3.891490e-03	3.886420e-04	6	false	GAMG	2.028010e-03	9.937780e-06	4	true
411           	smoothSolver	1.876220e-04	1.719480e-05	7	4.647590e-03	3.542030e-04	7	3.928260e-03	2.912110e-04	7	false	GAMG	2.027290e-03	9.938030e-06	4	true
412           	smoothSolver	1.880750e-04	1.715270e-05	7	4.619800e-03	3.563960e-04	7	3.936710e-03	2.936160e-04	7	false	GAMG	2.024640e-03	9.741730e-06	4	true
413           	smoothSolver	1.875660e-04	1.722040e-05	7	4.592240e-03	3.560270e-04	7	3.909860e-03	2.920750e-04	7	false	GAMG	2.019050e-03	9.568650e-06	4	true
414           	smoothSolver	1.862680e-04	1.737930e-05	7	4.523080e-03	3.511650e-04	7	3.865630e-03	2.897040e-04	7	false	GAMG	2.009780e-03	9.437980e-06	4	true
415           	smoothSolver	1.850270e-04	1.755200e-05	7	4.468030e-03	3.457360e-04	7	3.804240e-03	2.862730e-04	7	false	GAMG	2.003770e-03	9.234090e-06	4	true
416           	smoothSolver	1.842730e-04	1.781590e-05	7	4.417680e-03	3.424220e-04	7	3.745860e-03	2.847550e-04	7	false	GAMG	1.986450e-03	9.097450e-06	4	true
417           	smoothSolver	1.850800e-04	1.811310e-05	7	4.409290e-03	3.433480e-04	7	3.703120e-03	2.852920e-04	7	false	GAMG	1.971600e-03	9.109650e-06	4	true
418           	smoothSolver	1.854610e-04	1.838380e-05	7	4.389650e-03	3.457450e-04	7	3.682020e-03	2.857560e-04	7	false	GAMG	1.943220e-03	9.233350e-06	4	true
419           	smoothSolver	1.865560e-04	1.858910e-05	7	4.370150e-03	3.476910e-04	7	3.659560e-03	2.852840e-04	7	false	GAMG	1.918290e-03	9.288980e-06	4	true
420           	smoothSolver	1.873030e-04	1.862530e-05	7	4.346340e-03	3.486490e-04	7	3.633190e-03	2.845480e-04	7	false	GAMG	1.885260e-03	9.273320e-06	4	true
421           	smoothSolver	1.878010e-04	1.849920e-05	7	4.305030e-03	3.460050e-04	7	3.609550e-03	2.842940e-04	7	false	GAMG	1.857270e-03	9.241450e-06	4	true
422           	smoothSolver	1.864830e-04	1.835610e-05	7	4.240370e-03	3.398130e-04	7	3.576290e-03	2.833820e-04	7	false	GAMG	1.821630e-03	8.987580e-06	4	true
423           	smoothSolver	1.845880e-04	1.796510e-05	7	4.164470e-03	3.301360e-04	7	3.511660e-03	2.796010e-04	7	false	GAMG	1.794050e-03	8.650920e-06	4	true
424           	smoothSolver	1.799910e-04	1.739830e-05	7	4.060610e-03	3.171430e-04	7	3.442960e-03	2.732070e-04	7	false	GAMG	1.763690e-03	8.237590e-06	4	true
425           	smoothSolver	1.759100e-04	1.686140e-05	7	3.974510e-03	3.065220e-04	7	3.370630e-03	2.644520e-04	7	false	GAMG	1.729160e-03	7.690720e-06	4	true
426           	smoothSolver	1.721310e-04	1.634850e-05	7	3.897510e-03	2.990840e-04	7	3.307520e-03	2.586100e-04	7	false	GAMG	1.698210e-03	7.531080e-06	4	true
427           	smoothSolver	1.687760e-04	1.601730e-05	7	3.853710e-03	2.938450e-04	7	3.244860e-03	2.525490e-04	7	false	GAMG	1.678400e-03	7.569120e-06	4	true
428           	smoothSolver	1.663400e-04	1.586440e-05	7	3.815450e-03	2.899830e-04	7	3.212820e-03	2.486010e-04	7	false	GAMG	1.656930e-03	7.760170e-06	4	true
429           	smoothSolver	1.650690e-04	1.586510e-05	7	3.799560e-03	2.899260e-04	7	3.196320e-03	2.466080e-04	7	false	GAMG	1.642960e-03	7.770460e-06	4	true
430           	smoothSolver	1.636190e-04	1.589840e-05	7	3.775660e-03	2.904860e-04	7	3.192650e-03	2.468510e-04	7	false	GAMG	1.643900e-03	7.826190e-06	4	true
431           	smoothSolver	1.628590e-04	1.582680e-05	7	3.773370e-03	2.937850e-04	7	3.196730e-03	2.483220e-04	7	false	GAMG	1.651460e-03	7.810550e-06	4	true
432           	smoothSolver	1.620960e-04	1.575050e-05	7	3.785010e-03	2.965350e-04	7	3.205050e-03	2.500730e-04	7	false	GAMG	1.657920e-03	7.819660e-06	4	true
433           	smoothSolver	1.612590e-04	1.563020e-05	7	3.807540e-03	3.000870e-04	7	3.210840e-03	2.514700e-04	7	false	GAMG	1.662250e-03	7.839640e-06	4	true
434           	smoothSolver	1.601400e-04	1.556460e-05	7	3.815860e-03	3.036150e-04	7	3.225620e-03	2.531370e-04	7	false	GAMG	1.662410e-03	7.993770e-06	4	true
435           	smoothSolver	1.599040e-04	1.551520e-05	7	3.837120e-03	3.048910e-04	7	3.230200e-03	2.553370e-04	7	false	GAMG	1.669430e-03	8.144530e-06	4	true
436           	smoothSolver	1.595400e-04	1.551360e-05	7	3.845430e-03	3.051870e-04	7	3.254230e-03	2.583580e-04	7	false	GAMG	1.680860e-03	8.261500e-06	4	true
437           	smoothSolver	1.596150e-04	1.549440e-05	7	3.860400e-03	3.034760e-04	7	3.292980e-03	2.617300e-04	7	false	GAMG	1.697960e-03	8.344320e-06	4	true
438           	smoothSolver	1.601040e-04	1.545970e-05	7	3.874260e-03	3.035500e-04	7	3.327840e-03	2.632840e-04	7	false	GAMG	1.709600e-03	8.342760e-06	4	true
439           	smoothSolver	1.608920e-04	1.549530e-05	7	3.896550e-03	3.042090e-04	7	3.356840e-03	2.644000e-04	7	false	GAMG	1.732080e-03	8.328760e-06	4	true
440           	smoothSolver	1.616470e-04	1.565870e-05	7	3.928770e-03	3.056070e-04	7	3.399870e-03	2.664890e-04	7	false	GAMG	1.752630e-03	8.267060e-06	4	true
441           	smoothSolver	1.627810e-04	1.586490e-05	7	3.969080e-03	3.077330e-04	7	3.428650e-03	2.680710e-04	7	false	GAMG	1.775010e-03	8.235110e-06	4	true
442           	smoothSolver	1.641560e-04	1.601850e-05	7	4.005810e-03	3.089070e-04	7	3.462230e-03	2.696220e-04	7	false	GAMG	1.793140e-03	8.172950e-06	4	true
443           	smoothSolver	1.669870e-04	1.625560e-05	7	4.046080e-03	3.098930e-04	7	3.490050e-03	2.708290e-04	7	false	GAMG	1.815620e-03	8.112500e-06	4	true
444           	smoothSolver	1.707110e-04	1.650780e-05	7	4.100860e-03	3.141430e-04	7	3.523080e-03	2.714750e-04	7	false	GAMG	1.835020e-03	8.211210e-06	4	true
445           	smoothSolver	1.738290e-04	1.676250e-05	7	4.152050e-03	3.196890e-04	7	3.571230e-03	2.742830e-04	7	false	GAMG	1.860420e-03	8.346790e-06	4	true
446           	smoothSolver	1.761130e-04	1.694710e-05	7	4.203120e-03	3.261940e-04	7	3.632030e-03	2.775680e-04	7	false	GAMG	1.887350e-03	8.287140e-06	4	true
447           	smoothSolver	1.786570e-04	1.716120e-05	7	4.275140e-03	3.350950e-04	7	3.710990e-03	2.816230e-04	7	false	GAMG	1.902070e-03	8.190260e-06	4	true
448           	smoothSolver	1.799140e-04	1.713750e-05	7	4.324820e-03	3.373040e-04	7	3.752000e-03	2.819820e-04	7	false	GAMG	1.917770e-03	8.111880e-06	4	true
449           	smoothSolver	1.798570e-04	1.698070e-05	7	4.343170e-03	3.324870e-04	7	3.762960e-03	2.786860e-04	7	false	GAMG	1.933380e-03	8.257640e-06	4	true
450           	smoothSolver	1.792160e-04	1.679480e-05	7	4.322010e-03	3.251680e-04	7	3.743800e-03	3.733010e-04	6	false	GAMG	1.944040e-03	8.058050e-06	4	true
451           	smoothSolver	1.786750e-04	1.662710e-05	7	4.299160e-03	3.202610e-04	7	3.723310e-03	3.696230e-04	6	false	GAMG	1.952510e-03	8.025410e-06	4	true
452           	smoothSolver	1.779700e-04	1.652100e-05	7	4.284390e-03	3.174460e-04	7	3.712790e-03	3.633250e-04	6	false	GAMG	1.956410e-03	8.126240e-06	4	true
453           	smoothSolver	1.773200e-04	1.630000e-05	7	4.279700e-03	3.149740e-04	7	3.680200e-03	3.565860e-04	6	false	GAMG	1.954620e-03	8.499510e-06	4	true
454           	smoothSolver	1.756850e-04	1.615470e-05	7	4.262600e-03	4.254640e-04	6	3.657650e-03	3.529220e-04	6	false	GAMG	1.952200e-03	8.793090e-06	4	true
455           	smoothSolver	1.750540e-04	1.606810e-05	7	4.257800e-03	4.238900e-04	6	3.635340e-03	3.507640e-04	6	false	GAMG	1.958030e-03	8.972120e-06	4	true
456           	smoothSolver	1.746000e-04	1.599770e-05	7	4.304990e-03	4.281950e-04	6	3.628630e-03	3.512830e-04	6	false	GAMG	1.954550e-03	9.079900e-06	4	true
457           	smoothSolver	1.741380e-04	1.586100e-05	7	4.315930e-03	4.291540e-04	6	3.618730e-03	3.533660e-04	6	false	GAMG	1.950990e-03	9.073000e-06	4	true
458           	smoothSolver	1.726360e-04	1.565130e-05	7	4.310630e-03	3.151980e-04	7	3.595970e-03	3.547110e-04	6	false	GAMG	1.933990e-03	9.095630e-06	4	true
459           	smoothSolver	1.715530e-04	1.545370e-05	7	4.298650e-03	3.144480e-04	7	3.597280e-03	3.570780e-04	6	false	GAMG	1.925500e-03	9.250450e-06	4	true
460           	smoothSolver	1.694660e-04	1.515820e-05	7	4.259780e-03	4.255730e-04	6	3.587540e-03	3.582010e-04	6	false	GAMG	1.915900e-03	9.419690e-06	4	true
461           	smoothSolver	1.682170e-04	1.496420e-05	7	4.226120e-03	3.095600e-04	7	3.585250e-03	3.578360e-04	6	false	GAMG	1.923020e-03	9.476350e-06	4	true
462           	smoothSolver	1.667430e-04	1.477330e-05	7	4.198020e-03	4.194740e-04	6	3.596160e-03	3.578130e-04	6	false	GAMG	1.919530e-03	9.423420e-06	4	true
463           	smoothSolver	1.650730e-04	1.466360e-05	7	4.154840e-03	4.145790e-04	6	3.565050e-03	3.536560e-04	6	false	GAMG	1.919460e-03	9.380450e-06	4	true
464           	smoothSolver	1.633450e-04	1.462090e-05	7	4.143580e-03	4.136550e-04	6	3.538040e-03	3.505650e-04	6	false	GAMG	1.909010e-03	9.259780e-06	4	true
465           	smoothSolver	1.627510e-04	1.462950e-05	7	4.141310e-03	3.039960e-04	7	3.514080e-03	3.481830e-04	6	false	GAMG	1.902010e-03	9.422500e-06	4	true
466           	smoothSolver	1.626090e-04	1.468240e-05	7	4.156720e-03	3.092860e-04	7	3.509440e-03	3.493520e-04	6	false	GAMG	1.885200e-03	9.522550e-06	4	true
467           	smoothSolver	1.625110e-04	1.485560e-05	7	4.155480e-03	3.140790e-04	7	3.484340e-03	2.570420e-04	7	false	GAMG	1.866850e-03	9.716400e-06	4	true
468           	smoothSolver	1.633600e-04	1.511390e-05	7	4.170870e-03	3.197960e-04	7	3.470510e-03	2.569000e-04	7	false	GAMG	1.849430e-03	9.496300e-06	4	true
469           	smoothSolver	1.651910e-04	1.546860e-05	7	4.183300e-03	3.252970e-04	7	3.466770e-03	2.566930e-04	7	false	GAMG	1.828730e-03	9.344970e-06	4	true
470           	smoothSolver	1.675500e-04	1.593040e-05	7	4.195700e-03	3.297440e-04	7	3.459680e-03	2.568510e-04	7	false	GAMG	1.814400e-03	9.261500e-06	4	true
471           	smoothSolver	1.708210e-04	1.648040e-05	7	4.202410e-03	3.353700e-04	7	3.455200e-03	2.592420e-04	7	false	GAMG	1.802700e-03	9.128940e-06	4	true
472           	smoothSolver	1.723610e-04	1.690460e-05	7	4.180860e-03	3.391870e-04	7	3.461320e-03	2.634780e-04	7	false	GAMG	1.790590e-03	9.070140e-06	4	true
473           	smoothSolver	1.742210e-04	1.720860e-05	7	4.151960e-03	3.425340e-04	7	3.459170e-03	2.681890e-04	7	false	GAMG	1.775140e-03	8.856980e-06	4	true
474           	smoothSolver	1.742350e-04	1.729570e-05	7	4.108760e-03	3.450860e-04	7	3.442890e-03	2.715380e-04	7	false	GAMG	1.760260e-03	8.703020e-06	4	true
475           	smoothSolver	1.737850e-04	1.726560e-05	7	4.064530e-03	3.438750e-04	7	3.413090e-03	2.736290e-04	7	false	GAMG	1.751690e-03	8.543970e-06	4	true
476           	smoothSolver	1.724230e-04	1.302190e-05	8	4.021450e-03	3.413840e-04	7	3.387250e-03	2.742610e-04	7	false	GAMG	1.746500e-03	8.545690e-06	4	true
477           	smoothSolver	1.715580e-04	1.713710e-05	7	4.009330e-03	3.377410e-04	7	3.370850e-03	2.745240e-04	7	false	GAMG	1.740620e-03	8.573830e-06	4	true
478           	smoothSolver	1.712880e-04	1.300290e-05	8	3.990770e-03	3.343150e-04	7	3.378650e-03	2.767200e-04	7	false	GAMG	1.739730e-03	8.520550e-06	4	true
479           	smoothSolver	1.727090e-04	1.309590e-05	8	4.022650e-03	3.352190e-04	7	3.410420e-03	2.816690e-04	7	false	GAMG	1.734980e-03	8.187990e-06	4	true
480           	smoothSolver	1.743350e-04	1.332160e-05	8	4.039740e-03	3.404560e-04	7	3.446150e-03	2.859070e-04	7	false	GAMG	1.727760e-03	7.898560e-06	4	true
481           	smoothSolver	1.756060e-04	1.345650e-05	8	4.053300e-03	3.447580e-04	7	3.468720e-03	2.882390e-04	7	false	GAMG	1.726550e-03	7.642540e-06	4	true
482           	smoothSolver	1.763180e-04	1.352650e-05	8	4.043700e-03	3.464370e-04	7	3.482580e-03	2.903910e-04	7	false	GAMG	1.732520e-03	7.608320e-06	4	true
483           	smoothSolver	1.762820e-04	1.340880e-05	8	4.042150e-03	3.439580e-04	7	3.484490e-03	2.901220e-04	7	false	GAMG	1.746770e-03	7.736420e-06	4	true
484           	smoothSolver	1.754930e-04	1.752100e-05	7	4.057310e-03	3.378200e-04	7	3.508960e-03	2.889180e-04	7	false	GAMG	1.764760e-03	8.083490e-06	4	true
485           	smoothSolver	1.748680e-04	1.720000e-05	7	4.056520e-03	3.284750e-04	7	3.525400e-03	2.849680e-04	7	false	GAMG	1.795130e-03	8.404330e-06	4	true
486           	smoothSolver	1.748200e-04	1.694190e-05	7	4.106160e-03	3.260290e-04	7	3.562280e-03	2.822550e-04	7	false	GAMG	1.818530e-03	8.771620e-06	4	true
487           	smoothSolver	1.760810e-04	1.681280e-05	7	4.197370e-03	3.303600e-04	7	3.606280e-03	2.827210e-04	7	false	GAMG	1.847700e-03	9.030740e-06	4	true
488           	smoothSolver	1.781540e-04	1.678090e-05	7	4.319940e-03	3.382620e-04	7	3.675880e-03	2.857550e-04	7	false	GAMG	1.869730e-03	9.323200e-06	4	true
489           	smoothSolver	1.805410e-04	1.692930e-05	7	4.422950e-03	3.461720e-04	7	3.734000e-03	2.882860e-04	7	false	GAMG	1.891700e-03	9.417860e-06	4	true
490           	smoothSolver	1.822780e-04	1.729290e-05	7	4.491170e-03	3.532370e-04	7	3.787100e-03	2.915970e-04	7	false	GAMG	1.908420e-03	9.419820e-06	4	true
491           	smoothSolver	1.845090e-04	1.779060e-05	7	4.527010e-03	3.575360e-04	7	3.833230e-03	2.949570e-04	7	false	GAMG	1.930470e-03	9.286490e-06	4	true
492           	smoothSolver	1.870660e-04	1.832350e-05	7	4.562320e-03	3.621230e-04	7	3.872050e-03	2.984520e-04	7	false	GAMG	1.939920e-03	9.169830e-06	4	true
493           	smoothSolver	1.896500e-04	1.883200e-05	7	4.583230e-03	3.673140e-04	7	3.919200e-03	3.022120e-04	7	false	GAMG	1.959920e-03	9.021500e-06	4	true
494           	smoothSolver	1.916980e-04	1.448240e-05	8	4.609650e-03	3.746380e-04	7	3.991900e-03	3.079110e-04	7	false	GAMG	1.972860e-03	8.582820e-06	4	true
495           	smoothSolver	1.937550e-04	1.922150e-05	7	4.668660e-03	3.850560e-04	7	4.057770e-03	3.150150e-04	7	false	GAMG	1.997430e-03	8.530920e-06	4	true
496           	smoothSolver	1.950380e-04	1.908540e-05	7	4.724930e-03	3.871330e-04	7	4.105970e-03	3.175150e-04	7	false	GAMG	2.016470e-03	8.971060e-06	4	true
497           	smoothSolver	1.956450e-04	1.898430e-05	7	4.754650e-03	3.841970e-04	7	4.112440e-03	3.165920e-04	7	false	GAMG	2.040680e-03	9.668540e-06	4	true
498           	smoothSolver	1.953220e-04	1.891980e-05	7	4.761580e-03	3.774860e-04	7	4.091610e-03	3.144510e-04	7	false	GAMG	2.055920e-03	9.544050e-06	4	true
499           	smoothSolver	1.953050e-04	1.896430e-05	7	4.733470e-03	3.718520e-04	7	4.049510e-03	3.098340e-04	7	false	GAMG	2.071770e-03	8.982370e-06	4	true
500           	smoothSolver	1.946910e-04	1.901840e-05	7	4.700110e-03	3.687770e-04	7	4.010870e-03	3.037510e-04	7	false	GAMG	2.071760e-03	8.679980e-06	4	true
