# Solver information
# Time        	U_solver      	Ux_initial    	Ux_final      	Ux_iters      	Uy_initial    	Uy_final      	Uy_iters      	Uz_initial    	Uz_final      	Uz_iters      	U_converged   	p_solver      	p_initial     	p_final       	p_iters       	p_converged   
1301          	smoothSolver	3.833030e-03	3.022160e-04	10	3.818920e-02	3.693480e-03	9	2.932150e-02	2.336060e-03	10	false	GAMG	1.753910e-02	1.609800e-04	4	true
1302          	smoothSolver	3.836420e-03	3.034090e-04	10	3.813450e-02	3.704590e-03	9	2.940830e-02	2.344830e-03	10	false	GAMG	1.769630e-02	1.601390e-04	4	true
1303          	smoothSolver	3.839310e-03	3.042560e-04	10	3.814570e-02	3.728460e-03	9	2.948660e-02	2.352210e-03	10	false	GAMG	1.773060e-02	1.619420e-04	4	true
1304          	smoothSolver	3.846450e-03	3.046220e-04	10	3.819240e-02	3.753790e-03	9	2.965520e-02	2.360190e-03	10	false	GAMG	1.767780e-02	1.655010e-04	4	true
1305          	smoothSolver	3.853880e-03	3.046500e-04	10	3.822810e-02	3.764230e-03	9	2.989550e-02	2.367890e-03	10	false	GAMG	1.760220e-02	1.679010e-04	4	true
1306          	smoothSolver	3.858980e-03	3.034100e-04	10	3.832960e-02	3.758160e-03	9	3.019520e-02	2.374620e-03	10	false	GAMG	1.768320e-02	1.699430e-04	4	true
1307          	smoothSolver	3.861920e-03	3.848310e-04	9	3.849680e-02	3.736810e-03	9	3.052700e-02	3.029460e-03	9	false	GAMG	1.776650e-02	1.698410e-04	4	true
1308          	smoothSolver	3.873030e-03	3.844870e-04	9	3.846330e-02	3.681140e-03	9	3.083440e-02	3.025090e-03	9	false	GAMG	1.799410e-02	1.732580e-04	4	true
1309          	smoothSolver	3.888010e-03	3.848770e-04	9	3.850290e-02	3.653900e-03	9	3.097110e-02	3.013160e-03	9	false	GAMG	1.816890e-02	1.755300e-04	4	true
1310          	smoothSolver	3.902010e-03	3.859100e-04	9	3.858830e-02	3.650040e-03	9	3.092850e-02	2.995030e-03	9	false	GAMG	1.824700e-02	1.758310e-04	4	true
1311          	smoothSolver	3.902840e-03	3.875740e-04	9	3.861850e-02	3.665280e-03	9	3.067380e-02	2.974190e-03	9	false	GAMG	1.828340e-02	1.743770e-04	4	true
1312          	smoothSolver	3.894130e-03	3.892210e-04	9	3.854850e-02	3.688260e-03	9	3.024530e-02	2.949040e-03	9	false	GAMG	1.801260e-02	1.704420e-04	4	true
1313          	smoothSolver	3.870790e-03	3.072920e-04	10	3.836730e-02	3.712760e-03	9	2.973160e-02	2.920900e-03	9	false	GAMG	1.751520e-02	1.653610e-04	4	true
1314          	smoothSolver	3.828790e-03	3.069860e-04	10	3.830590e-02	3.756040e-03	9	2.925640e-02	2.905200e-03	9	false	GAMG	1.690600e-02	1.572440e-04	4	true
1315          	smoothSolver	3.786280e-03	3.064770e-04	10	3.804420e-02	3.782470e-03	9	2.874890e-02	2.267470e-03	10	false	GAMG	1.645330e-02	1.508980e-04	4	true
1316          	smoothSolver	3.753010e-03	3.059550e-04	10	3.777120e-02	2.992400e-03	10	2.812900e-02	2.240760e-03	10	false	GAMG	1.617920e-02	1.452460e-04	4	true
1317          	smoothSolver	3.734760e-03	3.056320e-04	10	3.726930e-02	2.984110e-03	10	2.766640e-02	2.228600e-03	10	false	GAMG	1.606730e-02	1.417740e-04	4	true
1318          	smoothSolver	3.726610e-03	3.048430e-04	10	3.692830e-02	2.977630e-03	10	2.740330e-02	2.222930e-03	10	false	GAMG	1.605880e-02	1.405420e-04	4	true
1319          	smoothSolver	3.729880e-03	3.039540e-04	10	3.678590e-02	2.970070e-03	10	2.728020e-02	2.221410e-03	10	false	GAMG	1.607240e-02	1.399780e-04	4	true
1320          	smoothSolver	3.745870e-03	3.037330e-04	10	3.674920e-02	2.963180e-03	10	2.724080e-02	2.221380e-03	10	false	GAMG	1.607950e-02	1.390110e-04	4	true
1321          	smoothSolver	3.767470e-03	3.046550e-04	10	3.676710e-02	2.960630e-03	10	2.727940e-02	2.224430e-03	10	false	GAMG	1.614710e-02	1.380900e-04	4	true
1322          	smoothSolver	3.796080e-03	3.063150e-04	10	3.682320e-02	2.964290e-03	10	2.738510e-02	2.231570e-03	10	false	GAMG	1.630790e-02	1.385400e-04	4	true
1323          	smoothSolver	3.822290e-03	3.078260e-04	10	3.691980e-02	2.969280e-03	10	2.754150e-02	2.241070e-03	10	false	GAMG	1.649130e-02	1.423580e-04	4	true
1324          	smoothSolver	3.840360e-03	3.097370e-04	10	3.706550e-02	2.977700e-03	10	2.773590e-02	2.253190e-03	10	false	GAMG	1.668490e-02	1.480330e-04	4	true
1325          	smoothSolver	3.857480e-03	3.119810e-04	10	3.714490e-02	2.987660e-03	10	2.794550e-02	2.266690e-03	10	false	GAMG	1.689950e-02	1.528320e-04	4	true
1326          	smoothSolver	3.869170e-03	3.140290e-04	10	3.720260e-02	2.998300e-03	10	2.816440e-02	2.276790e-03	10	false	GAMG	1.706670e-02	1.512990e-04	4	true
1327          	smoothSolver	3.870610e-03	3.148860e-04	10	3.729680e-02	3.012270e-03	10	2.839500e-02	2.284400e-03	10	false	GAMG	1.713280e-02	1.443800e-04	4	true
1328          	smoothSolver	3.867610e-03	3.154910e-04	10	3.760370e-02	3.029620e-03	10	2.865310e-02	2.294670e-03	10	false	GAMG	1.712840e-02	1.363110e-04	4	true
1329          	smoothSolver	3.872780e-03	3.165940e-04	10	3.797770e-02	3.046640e-03	10	2.891120e-02	2.308190e-03	10	false	GAMG	1.715170e-02	1.328480e-04	4	true
1330          	smoothSolver	3.899890e-03	3.179080e-04	10	3.833760e-02	3.063980e-03	10	2.914250e-02	2.322950e-03	10	false	GAMG	1.714390e-02	1.347390e-04	4	true
1331          	smoothSolver	3.931930e-03	3.191540e-04	10	3.863890e-02	3.088870e-03	10	2.934460e-02	2.333870e-03	10	false	GAMG	1.722200e-02	1.396790e-04	4	true
1332          	smoothSolver	3.960760e-03	3.204860e-04	10	3.889520e-02	3.114470e-03	10	2.949740e-02	2.343230e-03	10	false	GAMG	1.747620e-02	1.457750e-04	4	true
1333          	smoothSolver	3.985780e-03	3.217080e-04	10	3.899760e-02	3.135400e-03	10	2.962140e-02	2.353400e-03	10	false	GAMG	1.770780e-02	1.515640e-04	4	true
1334          	smoothSolver	4.000660e-03	3.220880e-04	10	3.904030e-02	3.153510e-03	10	2.970240e-02	2.368190e-03	10	false	GAMG	1.793780e-02	1.582910e-04	4	true
1335          	smoothSolver	4.007540e-03	3.216210e-04	10	3.903230e-02	3.166670e-03	10	2.975990e-02	2.389680e-03	10	false	GAMG	1.806480e-02	1.651790e-04	4	true
1336          	smoothSolver	4.004150e-03	3.205330e-04	10	3.902120e-02	3.170420e-03	10	2.985680e-02	2.410290e-03	10	false	GAMG	1.806020e-02	1.707090e-04	4	true
1337          	smoothSolver	4.001030e-03	3.196190e-04	10	3.917320e-02	3.177450e-03	10	3.006620e-02	2.430790e-03	10	false	GAMG	1.786910e-02	1.734990e-04	4	true
1338          	smoothSolver	4.006970e-03	3.192960e-04	10	3.951660e-02	3.190020e-03	10	3.038170e-02	2.452050e-03	10	false	GAMG	1.757680e-02	1.743030e-04	4	true
1339          	smoothSolver	4.012700e-03	3.194470e-04	10	3.999330e-02	3.205000e-03	10	3.076120e-02	2.475770e-03	10	false	GAMG	1.726180e-02	7.454720e-05	5	true
1340          	smoothSolver	4.014900e-03	3.199760e-04	10	4.047170e-02	3.221830e-03	10	3.118230e-02	2.504730e-03	10	false	GAMG	1.710830e-02	1.606530e-04	4	true
1341          	smoothSolver	4.020790e-03	3.213530e-04	10	4.069010e-02	3.221220e-03	10	3.138930e-02	2.518240e-03	10	false	GAMG	1.704610e-02	1.702650e-04	4	true
1342          	smoothSolver	4.025290e-03	3.222370e-04	10	4.084650e-02	3.219670e-03	10	3.165160e-02	2.540670e-03	10	false	GAMG	1.688050e-02	7.579110e-05	5	true
1343          	smoothSolver	4.032470e-03	3.229140e-04	10	4.084720e-02	3.218770e-03	10	3.179000e-02	2.557930e-03	10	false	GAMG	1.672170e-02	1.547520e-04	4	true
1344          	smoothSolver	4.043390e-03	3.236030e-04	10	4.065320e-02	3.209080e-03	10	3.168820e-02	2.560170e-03	10	false	GAMG	1.665940e-02	1.634230e-04	4	true
1345          	smoothSolver	4.045610e-03	3.230240e-04	10	4.040870e-02	3.210870e-03	10	3.158290e-02	2.565320e-03	10	false	GAMG	1.662000e-02	1.603370e-04	4	true
1346          	smoothSolver	4.046670e-03	3.215840e-04	10	4.007320e-02	3.208270e-03	10	3.135480e-02	2.563700e-03	10	false	GAMG	1.655800e-02	1.582770e-04	4	true
1347          	smoothSolver	4.036890e-03	3.196200e-04	10	3.965490e-02	3.197780e-03	10	3.103370e-02	2.558100e-03	10	false	GAMG	1.654750e-02	1.572440e-04	4	true
1348          	smoothSolver	4.017870e-03	3.178190e-04	10	3.912770e-02	3.176100e-03	10	3.066740e-02	2.548290e-03	10	false	GAMG	1.653990e-02	1.553760e-04	4	true
1349          	smoothSolver	4.000400e-03	3.165890e-04	10	3.864230e-02	3.148690e-03	10	3.038450e-02	2.533700e-03	10	false	GAMG	1.660140e-02	1.537620e-04	4	true
1350          	smoothSolver	3.986650e-03	3.157160e-04	10	3.831600e-02	3.117080e-03	10	3.021420e-02	2.516890e-03	10	false	GAMG	1.665590e-02	1.543800e-04	4	true
1351          	smoothSolver	3.978700e-03	3.147420e-04	10	3.818220e-02	3.083940e-03	10	3.018530e-02	2.498460e-03	10	false	GAMG	1.673150e-02	1.566170e-04	4	true
1352          	smoothSolver	3.980510e-03	3.134710e-04	10	3.824010e-02	3.053680e-03	10	3.033720e-02	2.484300e-03	10	false	GAMG	1.692730e-02	1.591020e-04	4	true
1353          	smoothSolver	3.987580e-03	3.976080e-04	9	3.842050e-02	3.024430e-03	10	3.061380e-02	2.475960e-03	10	false	GAMG	1.721500e-02	1.604490e-04	4	true
1354          	smoothSolver	4.010990e-03	3.970180e-04	9	3.849140e-02	3.790220e-03	9	3.087870e-02	2.462930e-03	10	false	GAMG	1.745220e-02	1.595970e-04	4	true
1355          	smoothSolver	4.020790e-03	3.960790e-04	9	3.879360e-02	3.779930e-03	9	3.110490e-02	2.452800e-03	10	false	GAMG	1.761330e-02	1.569890e-04	4	true
1356          	smoothSolver	4.022220e-03	3.953340e-04	9	3.890540e-02	3.764670e-03	9	3.129100e-02	3.108090e-03	9	false	GAMG	1.763370e-02	1.516080e-04	4	true
1357          	smoothSolver	4.007950e-03	3.941860e-04	9	3.879240e-02	3.730270e-03	9	3.155870e-02	3.116670e-03	9	false	GAMG	1.761210e-02	1.483910e-04	4	true
1358          	smoothSolver	4.003970e-03	3.937620e-04	9	3.852810e-02	3.691920e-03	9	3.168560e-02	3.114900e-03	9	false	GAMG	1.758620e-02	1.472670e-04	4	true
1359          	smoothSolver	4.016990e-03	3.946760e-04	9	3.820940e-02	3.656780e-03	9	3.172080e-02	3.105050e-03	9	false	GAMG	1.751570e-02	1.464190e-04	4	true
1360          	smoothSolver	4.041280e-03	3.955010e-04	9	3.798760e-02	3.623870e-03	9	3.175830e-02	3.092530e-03	9	false	GAMG	1.753920e-02	1.463990e-04	4	true
1361          	smoothSolver	4.063400e-03	3.959510e-04	9	3.793510e-02	3.602810e-03	9	3.171880e-02	3.079210e-03	9	false	GAMG	1.765070e-02	1.455800e-04	4	true
1362          	smoothSolver	4.080850e-03	3.957970e-04	9	3.793090e-02	3.599190e-03	9	3.164390e-02	3.070060e-03	9	false	GAMG	1.790930e-02	1.448310e-04	4	true
1363          	smoothSolver	4.093860e-03	3.951390e-04	9	3.779600e-02	3.602740e-03	9	3.146710e-02	3.064990e-03	9	false	GAMG	1.828960e-02	1.447560e-04	4	true
1364          	smoothSolver	4.086110e-03	3.945190e-04	9	3.751470e-02	3.608990e-03	9	3.124470e-02	3.062300e-03	9	false	GAMG	1.855270e-02	1.467120e-04	4	true
1365          	smoothSolver	4.069140e-03	3.947030e-04	9	3.722280e-02	3.623660e-03	9	3.095240e-02	3.063770e-03	9	false	GAMG	1.859210e-02	1.503000e-04	4	true
1366          	smoothSolver	4.048120e-03	3.962970e-04	9	3.700400e-02	3.649110e-03	9	3.073480e-02	3.071630e-03	9	false	GAMG	1.842140e-02	1.551250e-04	4	true
1367          	smoothSolver	4.041150e-03	3.991300e-04	9	3.698620e-02	3.679720e-03	9	3.072110e-02	2.424930e-03	10	false	GAMG	1.818750e-02	1.610210e-04	4	true
1368          	smoothSolver	4.039830e-03	4.026630e-04	9	3.726150e-02	3.715380e-03	9	3.070280e-02	2.424620e-03	10	false	GAMG	1.794100e-02	1.633150e-04	4	true
1369          	smoothSolver	4.048760e-03	3.196610e-04	10	3.767760e-02	3.745300e-03	9	3.086520e-02	2.435760e-03	10	false	GAMG	1.778370e-02	1.660350e-04	4	true
1370          	smoothSolver	4.046340e-03	3.216920e-04	10	3.839380e-02	3.794840e-03	9	3.127260e-02	2.470370e-03	10	false	GAMG	1.774890e-02	1.646910e-04	4	true
1371          	smoothSolver	4.056540e-03	3.246290e-04	10	3.906100e-02	3.845840e-03	9	3.167720e-02	2.507230e-03	10	false	GAMG	1.766110e-02	1.612780e-04	4	true
1372          	smoothSolver	4.077370e-03	3.276300e-04	10	3.973350e-02	3.899450e-03	9	3.209260e-02	2.547200e-03	10	false	GAMG	1.753660e-02	1.574940e-04	4	true
1373          	smoothSolver	4.111130e-03	3.305210e-04	10	4.037930e-02	3.958750e-03	9	3.253480e-02	2.589810e-03	10	false	GAMG	1.732370e-02	1.546010e-04	4	true
1374          	smoothSolver	4.145630e-03	3.334710e-04	10	4.099150e-02	4.020350e-03	9	3.295300e-02	2.634060e-03	10	false	GAMG	1.702190e-02	1.519520e-04	4	true
1375          	smoothSolver	4.176740e-03	3.356300e-04	10	4.139670e-02	4.072510e-03	9	3.328260e-02	2.678730e-03	10	false	GAMG	1.678830e-02	1.493430e-04	4	true
1376          	smoothSolver	4.201220e-03	3.373690e-04	10	4.171210e-02	4.124560e-03	9	3.352350e-02	2.719350e-03	10	false	GAMG	1.672120e-02	1.479660e-04	4	true
1377          	smoothSolver	4.226870e-03	3.390640e-04	10	4.194150e-02	4.179290e-03	9	3.370060e-02	2.751570e-03	10	false	GAMG	1.671920e-02	1.482640e-04	4	true
1378          	smoothSolver	4.252510e-03	3.402820e-04	10	4.204550e-02	3.330120e-03	10	3.382420e-02	2.775720e-03	10	false	GAMG	1.668900e-02	1.495320e-04	4	true
1379          	smoothSolver	4.276540e-03	3.417480e-04	10	4.185850e-02	3.341110e-03	10	3.396750e-02	2.803810e-03	10	false	GAMG	1.675440e-02	1.523450e-04	4	true
1380          	smoothSolver	4.290960e-03	3.429580e-04	10	4.171550e-02	3.358170e-03	10	3.403510e-02	2.824850e-03	10	false	GAMG	1.698960e-02	1.558610e-04	4	true
1381          	smoothSolver	4.301020e-03	3.436560e-04	10	4.159120e-02	3.375350e-03	10	3.403010e-02	2.833090e-03	10	false	GAMG	1.716280e-02	1.592710e-04	4	true
1382          	smoothSolver	4.316270e-03	3.443380e-04	10	4.159280e-02	3.397900e-03	10	3.402440e-02	2.829980e-03	10	false	GAMG	1.722530e-02	1.638480e-04	4	true
1383          	smoothSolver	4.323800e-03	3.441760e-04	10	4.169300e-02	3.419530e-03	10	3.400380e-02	2.817120e-03	10	false	GAMG	1.744760e-02	1.688470e-04	4	true
1384          	smoothSolver	4.326660e-03	3.425020e-04	10	4.188260e-02	3.433490e-03	10	3.397540e-02	2.793940e-03	10	false	GAMG	1.776530e-02	1.694580e-04	4	true
1385          	smoothSolver	4.321300e-03	3.395850e-04	10	4.208790e-02	3.433470e-03	10	3.391130e-02	2.762990e-03	10	false	GAMG	1.799260e-02	1.683950e-04	4	true
1386          	smoothSolver	4.310760e-03	4.287190e-04	9	4.234520e-02	3.423840e-03	10	3.381040e-02	2.731360e-03	10	false	GAMG	1.825030e-02	1.644560e-04	4	true
1387          	smoothSolver	4.310630e-03	4.265370e-04	9	4.240240e-02	3.401070e-03	10	3.361020e-02	2.690180e-03	10	false	GAMG	1.879300e-02	1.615600e-04	4	true
1388          	smoothSolver	4.300710e-03	4.243060e-04	9	4.257100e-02	3.393250e-03	10	3.337590e-02	2.648590e-03	10	false	GAMG	1.912740e-02	1.634530e-04	4	true
1389          	smoothSolver	4.281170e-03	4.215140e-04	9	4.265830e-02	3.382720e-03	10	3.308690e-02	2.601690e-03	10	false	GAMG	1.924790e-02	1.678470e-04	4	true
1390          	smoothSolver	4.253960e-03	4.183970e-04	9	4.250500e-02	3.350630e-03	10	3.262450e-02	3.242410e-03	9	false	GAMG	1.932730e-02	1.715050e-04	4	true
1391          	smoothSolver	4.226450e-03	4.142040e-04	9	4.217010e-02	4.183510e-03	9	3.229100e-02	3.181910e-03	9	false	GAMG	1.967940e-02	1.749330e-04	4	true
1392          	smoothSolver	4.213910e-03	4.086280e-04	9	4.194000e-02	4.121160e-03	9	3.201990e-02	3.113380e-03	9	false	GAMG	2.023260e-02	1.748040e-04	4	true
1393          	smoothSolver	4.197890e-03	4.029910e-04	9	4.172600e-02	4.045280e-03	9	3.184230e-02	3.056510e-03	9	false	GAMG	2.074830e-02	1.734060e-04	4	true
1394          	smoothSolver	4.181670e-03	3.967320e-04	9	4.133640e-02	3.973260e-03	9	3.159170e-02	3.017530e-03	9	false	GAMG	2.065570e-02	1.712010e-04	4	true
1395          	smoothSolver	4.148720e-03	3.903980e-04	9	4.084830e-02	3.921770e-03	9	3.132190e-02	2.989460e-03	9	false	GAMG	2.003550e-02	1.673370e-04	4	true
1396          	smoothSolver	4.085900e-03	3.852080e-04	9	4.018140e-02	3.890950e-03	9	3.097100e-02	2.976120e-03	9	false	GAMG	1.920660e-02	1.644740e-04	4	true
1397          	smoothSolver	4.024040e-03	3.814020e-04	9	3.955800e-02	3.874880e-03	9	3.060720e-02	2.972930e-03	9	false	GAMG	1.877770e-02	1.660530e-04	4	true
1398          	smoothSolver	3.969620e-03	3.788800e-04	9	3.911170e-02	3.866680e-03	9	3.030300e-02	2.974300e-03	9	false	GAMG	1.869590e-02	1.686460e-04	4	true
1399          	smoothSolver	3.923210e-03	3.769720e-04	9	3.885460e-02	3.861060e-03	9	3.003190e-02	2.978680e-03	9	false	GAMG	1.866180e-02	1.694700e-04	4	true
1400          	smoothSolver	3.880950e-03	3.757180e-04	9	3.854430e-02	3.847270e-03	9	2.982480e-02	2.347910e-03	10	false	GAMG	1.856860e-02	1.691660e-04	4	true
1401          	smoothSolver	3.842880e-03	3.755830e-04	9	3.820600e-02	3.018180e-03	10	2.947290e-02	2.338590e-03	10	false	GAMG	1.832620e-02	1.668800e-04	4	true
1402          	smoothSolver	3.805810e-03	3.762790e-04	9	3.767800e-02	2.988580e-03	10	2.921340e-02	2.336370e-03	10	false	GAMG	1.801780e-02	1.644620e-04	4	true
1403          	smoothSolver	3.770070e-03	2.960780e-04	10	3.720240e-02	2.966260e-03	10	2.897430e-02	2.336540e-03	10	false	GAMG	1.778680e-02	1.641170e-04	4	true
1404          	smoothSolver	3.733850e-03	2.959070e-04	10	3.690640e-02	2.965080e-03	10	2.883280e-02	2.346310e-03	10	false	GAMG	1.761190e-02	1.609200e-04	4	true
1405          	smoothSolver	3.714620e-03	2.965750e-04	10	3.664940e-02	2.964990e-03	10	2.866290e-02	2.351460e-03	10	false	GAMG	1.749970e-02	1.599470e-04	4	true
1406          	smoothSolver	3.710410e-03	2.980120e-04	10	3.647210e-02	2.959940e-03	10	2.855030e-02	2.355860e-03	10	false	GAMG	1.738640e-02	1.592470e-04	4	true
1407          	smoothSolver	3.723230e-03	2.999230e-04	10	3.640350e-02	2.951770e-03	10	2.857440e-02	2.362340e-03	10	false	GAMG	1.723550e-02	1.569180e-04	4	true
1408          	smoothSolver	3.756530e-03	3.025220e-04	10	3.659140e-02	2.945530e-03	10	2.875890e-02	2.370820e-03	10	false	GAMG	1.712590e-02	1.572530e-04	4	true
1409          	smoothSolver	3.803130e-03	3.061430e-04	10	3.697640e-02	2.935600e-03	10	2.910930e-02	2.381110e-03	10	false	GAMG	1.711270e-02	1.624580e-04	4	true
1410          	smoothSolver	3.866170e-03	3.107090e-04	10	3.760680e-02	3.729550e-03	9	2.963580e-02	2.396490e-03	10	false	GAMG	1.716660e-02	1.686290e-04	4	true
1411          	smoothSolver	3.937560e-03	3.151080e-04	10	3.853890e-02	3.755050e-03	9	3.020390e-02	2.413600e-03	10	false	GAMG	1.738810e-02	7.811400e-05	5	true
1412          	smoothSolver	4.016440e-03	3.194740e-04	10	3.955560e-02	3.790770e-03	9	3.092850e-02	2.438880e-03	10	false	GAMG	1.771170e-02	1.668000e-04	4	true
1413          	smoothSolver	4.086560e-03	3.232110e-04	10	4.047660e-02	3.819900e-03	9	3.145700e-02	3.110950e-03	9	false	GAMG	1.808060e-02	1.670960e-04	4	true
1414          	smoothSolver	4.142680e-03	4.141540e-04	9	4.125490e-02	3.858560e-03	9	3.219780e-02	3.156910e-03	9	false	GAMG	1.839310e-02	1.577510e-04	4	true
1415          	smoothSolver	4.201900e-03	4.181240e-04	9	4.158030e-02	3.874390e-03	9	3.255800e-02	3.170890e-03	9	false	GAMG	1.860700e-02	1.503580e-04	4	true
1416          	smoothSolver	4.243450e-03	4.216640e-04	9	4.180520e-02	3.909690e-03	9	3.272230e-02	3.176060e-03	9	false	GAMG	1.872380e-02	1.477070e-04	4	true
1417          	smoothSolver	4.264200e-03	4.240560e-04	9	4.187480e-02	3.943420e-03	9	3.269580e-02	3.170950e-03	9	false	GAMG	1.887220e-02	1.491830e-04	4	true
1418          	smoothSolver	4.282130e-03	4.249850e-04	9	4.177860e-02	3.964180e-03	9	3.255130e-02	3.158620e-03	9	false	GAMG	1.913690e-02	1.534540e-04	4	true
1419          	smoothSolver	4.304090e-03	4.246560e-04	9	4.159380e-02	3.968720e-03	9	3.230890e-02	3.135620e-03	9	false	GAMG	1.954670e-02	1.595240e-04	4	true
1420          	smoothSolver	4.318610e-03	4.231690e-04	9	4.133290e-02	3.961050e-03	9	3.209410e-02	3.106850e-03	9	false	GAMG	1.983980e-02	1.640490e-04	4	true
1421          	smoothSolver	4.324190e-03	4.213050e-04	9	4.112300e-02	3.942900e-03	9	3.194230e-02	3.075900e-03	9	false	GAMG	1.987550e-02	1.651220e-04	4	true
1422          	smoothSolver	4.338080e-03	4.200820e-04	9	4.099250e-02	3.931350e-03	9	3.187000e-02	3.056110e-03	9	false	GAMG	1.968050e-02	1.637290e-04	4	true
1423          	smoothSolver	4.359680e-03	4.194440e-04	9	4.118330e-02	3.945160e-03	9	3.195110e-02	3.045580e-03	9	false	GAMG	1.961110e-02	1.646170e-04	4	true
1424          	smoothSolver	4.377380e-03	4.203730e-04	9	4.161690e-02	3.986870e-03	9	3.211080e-02	3.043760e-03	9	false	GAMG	1.969340e-02	1.657760e-04	4	true
1425          	smoothSolver	4.376230e-03	4.231100e-04	9	4.212880e-02	4.051370e-03	9	3.222550e-02	3.055270e-03	9	false	GAMG	1.969910e-02	1.654090e-04	4	true
1426          	smoothSolver	4.370950e-03	4.269230e-04	9	4.272530e-02	4.123240e-03	9	3.239170e-02	3.085810e-03	9	false	GAMG	1.952810e-02	1.633270e-04	4	true
1427          	smoothSolver	4.363360e-03	4.315670e-04	9	4.319240e-02	4.203230e-03	9	3.261570e-02	3.132620e-03	9	false	GAMG	1.917050e-02	1.588050e-04	4	true
1428          	smoothSolver	4.361250e-03	3.432560e-04	10	4.367370e-02	4.282600e-03	9	3.285750e-02	3.188360e-03	9	false	GAMG	1.870150e-02	1.556840e-04	4	true
1429          	smoothSolver	4.344890e-03	3.446200e-04	10	4.427290e-02	4.375000e-03	9	3.320880e-02	3.258950e-03	9	false	GAMG	1.822610e-02	1.495300e-04	4	true
1430          	smoothSolver	4.333690e-03	3.452900e-04	10	4.453930e-02	4.445070e-03	9	3.348870e-02	3.317330e-03	9	false	GAMG	1.792010e-02	1.469720e-04	4	true
1431          	smoothSolver	4.327220e-03	3.455270e-04	10	4.462390e-02	3.559940e-03	10	3.365110e-02	3.364640e-03	9	false	GAMG	1.768460e-02	1.479960e-04	4	true
1432          	smoothSolver	4.326110e-03	3.463400e-04	10	4.438700e-02	3.588250e-03	10	3.373610e-02	2.683580e-03	10	false	GAMG	1.739470e-02	1.503960e-04	4	true
1433          	smoothSolver	4.338470e-03	3.476710e-04	10	4.428830e-02	3.614310e-03	10	3.357310e-02	2.697200e-03	10	false	GAMG	1.713860e-02	1.501810e-04	4	true
1434          	smoothSolver	4.354450e-03	3.497420e-04	10	4.426090e-02	3.633320e-03	10	3.343660e-02	2.708160e-03	10	false	GAMG	1.714930e-02	1.498520e-04	4	true
1435          	smoothSolver	4.373310e-03	3.523750e-04	10	4.411860e-02	3.651180e-03	10	3.332010e-02	2.717170e-03	10	false	GAMG	1.727620e-02	1.504060e-04	4	true
1436          	smoothSolver	4.385030e-03	3.551900e-04	10	4.398090e-02	3.669900e-03	10	3.318350e-02	2.727170e-03	10	false	GAMG	1.734240e-02	1.521720e-04	4	true
1437          	smoothSolver	4.403420e-03	3.580220e-04	10	4.393450e-02	3.694370e-03	10	3.309870e-02	2.737510e-03	10	false	GAMG	1.735420e-02	1.571690e-04	4	true
1438          	smoothSolver	4.422690e-03	3.600160e-04	10	4.398060e-02	3.720650e-03	10	3.306640e-02	2.749220e-03	10	false	GAMG	1.738310e-02	1.636710e-04	4	true
1439          	smoothSolver	4.436460e-03	3.614020e-04	10	4.410140e-02	3.747540e-03	10	3.311130e-02	2.758360e-03	10	false	GAMG	1.747130e-02	1.667300e-04	4	true
1440          	smoothSolver	4.444160e-03	3.621200e-04	10	4.421650e-02	3.765480e-03	10	3.315610e-02	2.759850e-03	10	false	GAMG	1.759570e-02	1.659440e-04	4	true
1441          	smoothSolver	4.447660e-03	3.622710e-04	10	4.437620e-02	3.781760e-03	10	3.321640e-02	2.757090e-03	10	false	GAMG	1.776990e-02	1.638500e-04	4	true
1442          	smoothSolver	4.451360e-03	3.624290e-04	10	4.456670e-02	3.798220e-03	10	3.332090e-02	2.760950e-03	10	false	GAMG	1.795830e-02	1.618930e-04	4	true
1443          	smoothSolver	4.460200e-03	3.626460e-04	10	4.483110e-02	3.819060e-03	10	3.351350e-02	2.771900e-03	10	false	GAMG	1.812730e-02	1.610550e-04	4	true
1444          	smoothSolver	4.477050e-03	3.634830e-04	10	4.524370e-02	3.836300e-03	10	3.382720e-02	2.785060e-03	10	false	GAMG	1.819540e-02	1.602380e-04	4	true
1445          	smoothSolver	4.488230e-03	3.631320e-04	10	4.567180e-02	3.838530e-03	10	3.426030e-02	2.800070e-03	10	false	GAMG	1.826150e-02	1.597790e-04	4	true
1446          	smoothSolver	4.497070e-03	3.614020e-04	10	4.602040e-02	3.826130e-03	10	3.477360e-02	2.807810e-03	10	false	GAMG	1.839570e-02	1.613650e-04	4	true
1447          	smoothSolver	4.509100e-03	3.596650e-04	10	4.620640e-02	3.804590e-03	10	3.518780e-02	2.807460e-03	10	false	GAMG	1.865360e-02	1.665670e-04	4	true
1448          	smoothSolver	4.532820e-03	3.586340e-04	10	4.624640e-02	3.774770e-03	10	3.547780e-02	2.800170e-03	10	false	GAMG	1.906150e-02	1.730000e-04	4	true
1449          	smoothSolver	4.553440e-03	3.571660e-04	10	4.618550e-02	3.740940e-03	10	3.559180e-02	2.790890e-03	10	false	GAMG	1.958310e-02	1.789460e-04	4	true
1450          	smoothSolver	4.570150e-03	4.537910e-04	9	4.604700e-02	3.704970e-03	10	3.556720e-02	3.548660e-03	9	false	GAMG	1.981400e-02	1.786300e-04	4	true
1451          	smoothSolver	4.578030e-03	4.534880e-04	9	4.563730e-02	3.652670e-03	10	3.565370e-02	3.551100e-03	9	false	GAMG	1.968570e-02	1.779360e-04	4	true
1452          	smoothSolver	4.578910e-03	4.531440e-04	9	4.526090e-02	3.618290e-03	10	3.575150e-02	3.556010e-03	9	false	GAMG	1.934880e-02	1.756350e-04	4	true
1453          	smoothSolver	4.567700e-03	4.524160e-04	9	4.483800e-02	3.596880e-03	10	3.575020e-02	3.555050e-03	9	false	GAMG	1.895780e-02	1.722920e-04	4	true
1454          	smoothSolver	4.543870e-03	4.506580e-04	9	4.440350e-02	3.584940e-03	10	3.550690e-02	2.791640e-03	10	false	GAMG	1.872960e-02	1.698310e-04	4	true
1455          	smoothSolver	4.514350e-03	4.487190e-04	9	4.408260e-02	3.583770e-03	10	3.494630e-02	2.774740e-03	10	false	GAMG	1.859580e-02	1.646740e-04	4	true
1456          	smoothSolver	4.478550e-03	4.461810e-04	9	4.382470e-02	3.588930e-03	10	3.441550e-02	2.760360e-03	10	false	GAMG	1.845740e-02	1.602840e-04	4	true
1457          	smoothSolver	4.433020e-03	3.477460e-04	10	4.350330e-02	3.597990e-03	10	3.387510e-02	2.746550e-03	10	false	GAMG	1.818790e-02	1.593670e-04	4	true
1458          	smoothSolver	4.362570e-03	3.434140e-04	10	4.326890e-02	3.618750e-03	10	3.341990e-02	2.740150e-03	10	false	GAMG	1.781480e-02	1.584420e-04	4	true
1459          	smoothSolver	4.289090e-03	3.392170e-04	10	4.273450e-02	3.608960e-03	10	3.298160e-02	2.724340e-03	10	false	GAMG	1.760480e-02	1.586490e-04	4	true
1460          	smoothSolver	4.216120e-03	3.355910e-04	10	4.219950e-02	3.586320e-03	10	3.262880e-02	2.705950e-03	10	false	GAMG	1.745950e-02	1.574950e-04	4	true
1461          	smoothSolver	4.150960e-03	3.322360e-04	10	4.178630e-02	3.560050e-03	10	3.245930e-02	2.692030e-03	10	false	GAMG	1.734430e-02	1.552430e-04	4	true
1462          	smoothSolver	4.101520e-03	3.291680e-04	10	4.159100e-02	3.531420e-03	10	3.246990e-02	2.683440e-03	10	false	GAMG	1.721790e-02	1.528920e-04	4	true
1463          	smoothSolver	4.067520e-03	3.262780e-04	10	4.156540e-02	3.492590e-03	10	3.262760e-02	2.681900e-03	10	false	GAMG	1.720330e-02	1.519400e-04	4	true
1464          	smoothSolver	4.045090e-03	3.235740e-04	10	4.169000e-02	3.445880e-03	10	3.291550e-02	2.682880e-03	10	false	GAMG	1.725460e-02	1.529360e-04	4	true
1465          	smoothSolver	4.038160e-03	3.210790e-04	10	4.190020e-02	3.392000e-03	10	3.326220e-02	2.683160e-03	10	false	GAMG	1.727200e-02	1.553980e-04	4	true
1466          	smoothSolver	4.043020e-03	3.187930e-04	10	4.209290e-02	3.331620e-03	10	3.359990e-02	2.678670e-03	10	false	GAMG	1.710160e-02	1.571280e-04	4	true
1467          	smoothSolver	4.056620e-03	4.030790e-04	9	4.217870e-02	4.148760e-03	9	3.388210e-02	3.385520e-03	9	false	GAMG	1.674210e-02	1.535410e-04	4	true
1468          	smoothSolver	4.067720e-03	4.002070e-04	9	4.210500e-02	4.075370e-03	9	3.404800e-02	3.362950e-03	9	false	GAMG	1.664250e-02	1.497790e-04	4	true
1469          	smoothSolver	4.076100e-03	3.967560e-04	9	4.191720e-02	4.009660e-03	9	3.407560e-02	3.333920e-03	9	false	GAMG	1.682420e-02	1.451760e-04	4	true
1470          	smoothSolver	4.075530e-03	3.931220e-04	9	4.156720e-02	3.952230e-03	9	3.390060e-02	3.296990e-03	9	false	GAMG	1.711750e-02	1.392790e-04	4	true
1471          	smoothSolver	4.062770e-03	3.889880e-04	9	4.103140e-02	3.893700e-03	9	3.354970e-02	3.249060e-03	9	false	GAMG	1.746240e-02	1.369970e-04	4	true
1472          	smoothSolver	4.047490e-03	3.846090e-04	9	4.025660e-02	3.828450e-03	9	3.308030e-02	3.194400e-03	9	false	GAMG	1.764610e-02	1.367760e-04	4	true
1473          	smoothSolver	4.019720e-03	3.798010e-04	9	3.939600e-02	3.769660e-03	9	3.247760e-02	3.135910e-03	9	false	GAMG	1.792190e-02	1.379340e-04	4	true
1474          	smoothSolver	3.974570e-03	3.746750e-04	9	3.849830e-02	3.716370e-03	9	3.174460e-02	3.071100e-03	9	false	GAMG	1.810220e-02	1.388590e-04	4	true
1475          	smoothSolver	3.915550e-03	3.685940e-04	9	3.751320e-02	3.663880e-03	9	3.095580e-02	3.007170e-03	9	false	GAMG	1.819970e-02	1.410370e-04	4	true
1476          	smoothSolver	3.832850e-03	3.623090e-04	9	3.647420e-02	3.598510e-03	9	3.027100e-02	2.952130e-03	9	false	GAMG	1.827920e-02	1.440510e-04	4	true
1477          	smoothSolver	3.749010e-03	3.562250e-04	9	3.567700e-02	3.521340e-03	9	2.977110e-02	2.913790e-03	9	false	GAMG	1.842020e-02	1.474280e-04	4	true
1478          	smoothSolver	3.684870e-03	3.512780e-04	9	3.502600e-02	3.442490e-03	9	2.952220e-02	2.889220e-03	9	false	GAMG	1.856000e-02	1.520190e-04	4	true
1479          	smoothSolver	3.640140e-03	3.478470e-04	9	3.463650e-02	3.371220e-03	9	2.948430e-02	2.870780e-03	9	false	GAMG	1.853150e-02	1.557600e-04	4	true
1480          	smoothSolver	3.600080e-03	3.462290e-04	9	3.453920e-02	3.313420e-03	9	2.960910e-02	2.857210e-03	9	false	GAMG	1.826480e-02	1.586720e-04	4	true
1481          	smoothSolver	3.577430e-03	3.464820e-04	9	3.464040e-02	3.270890e-03	9	2.976610e-02	2.846320e-03	9	false	GAMG	1.776670e-02	1.603510e-04	4	true
1482          	smoothSolver	3.573680e-03	3.483340e-04	9	3.474840e-02	3.239890e-03	9	2.988070e-02	2.840140e-03	9	false	GAMG	1.741900e-02	1.582390e-04	4	true
1483          	smoothSolver	3.581490e-03	3.515790e-04	9	3.476620e-02	3.219380e-03	9	2.993780e-02	2.842510e-03	9	false	GAMG	1.721640e-02	1.538510e-04	4	true
1484          	smoothSolver	3.597330e-03	3.547950e-04	9	3.477270e-02	3.204220e-03	9	2.998220e-02	2.850420e-03	9	false	GAMG	1.702980e-02	1.496150e-04	4	true
1485          	smoothSolver	3.613690e-03	3.576500e-04	9	3.468260e-02	3.194730e-03	9	2.998980e-02	2.857940e-03	9	false	GAMG	1.684060e-02	1.461570e-04	4	true
1486          	smoothSolver	3.626670e-03	3.597280e-04	9	3.456320e-02	3.196480e-03	9	2.986190e-02	2.863570e-03	9	false	GAMG	1.665170e-02	1.434030e-04	4	true
1487          	smoothSolver	3.638080e-03	3.612290e-04	9	3.436280e-02	3.212770e-03	9	2.965310e-02	2.866850e-03	9	false	GAMG	1.653790e-02	1.420040e-04	4	true
1488          	smoothSolver	3.645920e-03	3.622230e-04	9	3.416490e-02	3.234850e-03	9	2.936450e-02	2.862540e-03	9	false	GAMG	1.642900e-02	1.411600e-04	4	true
1489          	smoothSolver	3.649510e-03	3.630560e-04	9	3.393560e-02	3.263980e-03	9	2.895120e-02	2.850480e-03	9	false	GAMG	1.628200e-02	1.411590e-04	4	true
1490          	smoothSolver	3.651360e-03	3.641080e-04	9	3.374860e-02	3.295730e-03	9	2.850470e-02	2.834210e-03	9	false	GAMG	1.621310e-02	1.411270e-04	4	true
1491          	smoothSolver	3.650050e-03	2.873400e-04	10	3.359070e-02	3.323900e-03	9	2.802320e-02	2.214780e-03	10	false	GAMG	1.638740e-02	1.425630e-04	4	true
1492          	smoothSolver	3.643810e-03	2.881580e-04	10	3.367140e-02	2.659440e-03	10	2.748880e-02	2.188950e-03	10	false	GAMG	1.647850e-02	1.418920e-04	4	true
1493          	smoothSolver	3.647920e-03	2.906210e-04	10	3.353670e-02	2.676590e-03	10	2.706720e-02	2.172360e-03	10	false	GAMG	1.644810e-02	1.442980e-04	4	true
1494          	smoothSolver	3.657850e-03	2.942480e-04	10	3.357260e-02	2.704260e-03	10	2.676310e-02	2.162140e-03	10	false	GAMG	1.642690e-02	1.475600e-04	4	true
1495          	smoothSolver	3.682230e-03	2.993280e-04	10	3.384910e-02	2.748590e-03	10	2.666480e-02	2.164650e-03	10	false	GAMG	1.649930e-02	1.524230e-04	4	true
1496          	smoothSolver	3.721110e-03	3.049260e-04	10	3.437230e-02	2.803640e-03	10	2.680160e-02	2.181610e-03	10	false	GAMG	1.659080e-02	1.570950e-04	4	true
1497          	smoothSolver	3.767830e-03	3.103310e-04	10	3.511320e-02	2.863950e-03	10	2.712100e-02	2.210900e-03	10	false	GAMG	1.672100e-02	1.598740e-04	4	true
1498          	smoothSolver	3.821420e-03	3.160050e-04	10	3.589520e-02	2.921240e-03	10	2.757460e-02	2.245350e-03	10	false	GAMG	1.682400e-02	1.616510e-04	4	true
1499          	smoothSolver	3.882800e-03	3.218130e-04	10	3.669530e-02	2.969370e-03	10	2.813120e-02	2.282530e-03	10	false	GAMG	1.687860e-02	1.616290e-04	4	true
1500          	smoothSolver	3.951980e-03	3.275890e-04	10	3.747260e-02	3.011140e-03	10	2.881630e-02	2.327230e-03	10	false	GAMG	1.695320e-02	1.612620e-04	4	true
