# Force and moment coefficients
# dragDir     : (1.000000e+00 0.000000e+00 0.000000e+00)
# sideDir     : (0.000000e+00 1.000000e+00 0.000000e+00)
# liftDir     : (0.000000e+00 0.000000e+00 1.000000e+00)
# rollAxis    : (1.000000e+00 0.000000e+00 0.000000e+00)
# pitchAxis   : (0.000000e+00 1.000000e+00 0.000000e+00)
# yawAxis     : (0.000000e+00 0.000000e+00 1.000000e+00)
# magUInf     : 2.000000e+01
# lRef        : 1.420000e+00
# Aref        : 7.500000e-01
# CofR        : (7.200000e-01 0.000000e+00 0.000000e+00)
#
# Time        	Cd            	Cd(f)         	Cd(r)         	Cl            	Cl(f)         	Cl(r)         	CmPitch       	CmRoll        	CmYaw         	Cs            	Cs(f)         	Cs(r)         
1             	1.342249e+00	6.749797e-01	6.672696e-01	-3.867221e-02	5.529841e-01	-5.916563e-01	5.723202e-01	3.855014e-03	-2.061525e-03	-2.209136e-02	-1.310720e-02	-8.984153e-03
2             	1.529821e+00	7.724411e-01	7.573799e-01	-5.448332e-02	6.270275e-01	-6.815108e-01	6.542692e-01	7.530593e-03	-3.316271e-03	-3.191383e-02	-1.927319e-02	-1.264064e-02
3             	1.332697e+00	6.735457e-01	6.591515e-01	-4.105350e-02	5.506094e-01	-5.916629e-01	5.711361e-01	7.197097e-03	-1.432802e-03	-2.963166e-02	-1.624863e-02	-1.338303e-02
4             	1.082089e+00	5.454661e-01	5.366226e-01	-2.896033e-02	4.477407e-01	-4.767010e-01	4.622209e-01	4.421712e-03	1.620290e-03	-2.147945e-02	-9.119435e-03	-1.236002e-02
5             	8.778436e-01	4.397567e-01	4.380869e-01	-1.915208e-02	3.620423e-01	-3.811944e-01	3.716184e-01	8.349166e-04	4.679051e-03	-1.270387e-02	-1.672882e-03	-1.103098e-02
6             	7.256978e-01	3.621792e-01	3.635185e-01	-5.455239e-03	3.015333e-01	-3.069885e-01	3.042609e-01	-6.696423e-04	5.105216e-03	-9.529912e-03	3.402601e-04	-9.870172e-03
7             	6.201494e-01	3.098299e-01	3.103195e-01	6.183519e-03	2.606610e-01	-2.544775e-01	2.575693e-01	-2.447654e-04	3.427314e-03	-1.087852e-02	-2.011946e-03	-8.866574e-03
8             	5.515243e-01	2.769084e-01	2.746159e-01	1.196928e-02	2.330372e-01	-2.210679e-01	2.270525e-01	1.146228e-03	2.836394e-04	-1.468091e-02	-7.056813e-03	-7.624092e-03
9             	5.078440e-01	2.571418e-01	2.507022e-01	1.475954e-02	2.147744e-01	-2.000149e-01	2.073946e-01	3.219792e-03	-3.240308e-03	-1.973758e-02	-1.310910e-02	-6.628483e-03
10            	4.798209e-01	2.446533e-01	2.351676e-01	1.682950e-02	2.025849e-01	-1.857554e-01	1.941702e-01	4.742865e-03	-6.133806e-03	-2.305675e-02	-1.766218e-02	-5.394569e-03
11            	4.607141e-01	2.363436e-01	2.243706e-01	1.984832e-02	1.948414e-01	-1.749931e-01	1.849173e-01	5.986508e-03	-7.797981e-03	-2.508569e-02	-2.034083e-02	-4.744865e-03
12            	4.481055e-01	2.300093e-01	2.180962e-01	2.547281e-02	1.919062e-01	-1.664334e-01	1.791698e-01	5.956558e-03	-7.985402e-03	-2.419879e-02	-2.008480e-02	-4.113993e-03
13            	4.407798e-01	2.256486e-01	2.151312e-01	3.184654e-02	1.921360e-01	-1.602895e-01	1.762128e-01	5.258686e-03	-7.735092e-03	-2.193618e-02	-1.870318e-02	-3.232998e-03
14            	4.373096e-01	2.233366e-01	2.139730e-01	3.815294e-02	1.948671e-01	-1.567142e-01	1.757907e-01	4.681764e-03	-7.481018e-03	-2.041766e-02	-1.768985e-02	-2.727812e-03
15            	4.349238e-01	2.220226e-01	2.129012e-01	4.409251e-02	1.982081e-01	-1.541156e-01	1.761619e-01	4.560721e-03	-7.391322e-03	-2.017850e-02	-1.748057e-02	-2.697928e-03
16            	4.327972e-01	2.214210e-01	2.113762e-01	4.939192e-02	2.012235e-01	-1.518315e-01	1.765275e-01	5.022417e-03	-7.913110e-03	-2.175126e-02	-1.878874e-02	-2.962520e-03
17            	4.312639e-01	2.212563e-01	2.100076e-01	5.392675e-02	2.037268e-01	-1.498001e-01	1.767635e-01	5.624343e-03	-8.817444e-03	-2.361070e-02	-2.062279e-02	-2.987907e-03
18            	4.302898e-01	2.210565e-01	2.092332e-01	5.646698e-02	2.052124e-01	-1.487454e-01	1.769789e-01	5.911633e-03	-9.342744e-03	-2.442488e-02	-2.155518e-02	-2.869695e-03
19            	4.292146e-01	2.202929e-01	2.089217e-01	5.704405e-02	2.055139e-01	-1.484699e-01	1.769919e-01	5.685620e-03	-8.846303e-03	-2.369973e-02	-2.069617e-02	-3.003561e-03
20            	4.281820e-01	2.189182e-01	2.092638e-01	5.647320e-02	2.051157e-01	-1.486425e-01	1.768791e-01	4.827243e-03	-7.500398e-03	-2.107513e-02	-1.803796e-02	-3.037165e-03
21            	4.268671e-01	2.172803e-01	2.095868e-01	5.519421e-02	2.040997e-01	-1.489055e-01	1.765026e-01	3.846728e-03	-5.439253e-03	-1.741161e-02	-1.414506e-02	-3.266553e-03
22            	4.252280e-01	2.156874e-01	2.095406e-01	5.404525e-02	2.026092e-01	-1.485640e-01	1.755866e-01	3.073437e-03	-3.014636e-03	-1.372592e-02	-9.877596e-03	-3.848324e-03
23            	4.232415e-01	2.141087e-01	2.091328e-01	5.321181e-02	2.004650e-01	-1.472532e-01	1.738591e-01	2.487934e-03	-6.768688e-04	-1.055169e-02	-5.952715e-03	-4.598978e-03
24            	4.214464e-01	2.126239e-01	2.088225e-01	5.243443e-02	1.978819e-01	-1.454474e-01	1.716647e-01	1.900711e-03	1.085523e-03	-7.921297e-03	-2.875125e-03	-5.046172e-03
25            	4.202418e-01	2.115757e-01	2.086660e-01	5.255377e-02	1.956502e-01	-1.430964e-01	1.693733e-01	1.454851e-03	2.302819e-03	-6.292342e-03	-8.433518e-04	-5.448991e-03
26            	4.195839e-01	2.111632e-01	2.084207e-01	5.348305e-02	1.943023e-01	-1.408192e-01	1.675608e-01	1.371291e-03	3.080555e-03	-6.087015e-03	3.704756e-05	-6.124062e-03
27            	4.187987e-01	2.110754e-01	2.077232e-01	5.523380e-02	1.935690e-01	-1.383352e-01	1.659521e-01	1.676095e-03	3.569661e-03	-7.454164e-03	-1.574213e-04	-7.296743e-03
28            	4.175321e-01	2.108195e-01	2.067126e-01	5.757839e-02	1.930957e-01	-1.355173e-01	1.643065e-01	2.053481e-03	3.996799e-03	-9.558408e-03	-7.824047e-04	-8.776003e-03
29            	4.159424e-01	2.100268e-01	2.059156e-01	6.006544e-02	1.927293e-01	-1.326639e-01	1.626966e-01	2.055615e-03	4.478328e-03	-1.109869e-02	-1.071016e-03	-1.002767e-02
30            	4.140475e-01	2.085098e-01	2.055376e-01	6.211581e-02	1.921591e-01	-1.300432e-01	1.611012e-01	1.486116e-03	5.077787e-03	-1.122327e-02	-5.338462e-04	-1.068942e-02
31            	4.122605e-01	2.065161e-01	2.057444e-01	6.368250e-02	1.915306e-01	-1.278481e-01	1.596893e-01	3.858478e-04	5.830806e-03	-9.740814e-03	9.603990e-04	-1.070121e-02
32            	4.107818e-01	2.044808e-01	2.063010e-01	6.477551e-02	1.909750e-01	-1.261994e-01	1.585872e-01	-9.100663e-04	6.531573e-03	-7.383439e-03	2.839854e-03	-1.022329e-02
33            	4.100634e-01	2.027355e-01	2.073279e-01	6.574569e-02	1.909192e-01	-1.251735e-01	1.580464e-01	-2.296226e-03	7.006857e-03	-4.528826e-03	4.742444e-03	-9.271270e-03
34            	4.099419e-01	2.013848e-01	2.085571e-01	6.647683e-02	1.912037e-01	-1.247269e-01	1.579653e-01	-3.586115e-03	7.179521e-03	-1.801132e-03	6.278955e-03	-8.080087e-03
35            	4.102145e-01	2.005619e-01	2.096526e-01	6.713433e-02	1.916638e-01	-1.245295e-01	1.580966e-01	-4.545352e-03	7.048523e-03	1.423605e-04	7.119703e-03	-6.977343e-03
36            	4.106519e-01	2.002935e-01	2.103585e-01	6.772215e-02	1.921130e-01	-1.243908e-01	1.582519e-01	-5.032497e-03	6.749160e-03	1.014095e-03	7.256207e-03	-6.242112e-03
37            	4.111440e-01	2.004803e-01	2.106637e-01	6.831736e-02	1.924970e-01	-1.241797e-01	1.583384e-01	-5.091699e-03	6.517305e-03	1.029908e-03	7.032259e-03	-6.002350e-03
38            	4.114794e-01	2.009261e-01	2.105533e-01	6.858184e-02	1.926334e-01	-1.240516e-01	1.583425e-01	-4.813564e-03	6.547411e-03	4.765656e-04	6.785694e-03	-6.309128e-03
39            	4.115488e-01	2.013586e-01	2.101902e-01	6.869653e-02	1.926182e-01	-1.239216e-01	1.582699e-01	-4.415815e-03	6.890113e-03	-1.889159e-04	6.795655e-03	-6.984571e-03
40            	4.112291e-01	2.015412e-01	2.096879e-01	6.882482e-02	1.925759e-01	-1.237511e-01	1.581635e-01	-4.073333e-03	7.397354e-03	-7.400360e-04	7.027336e-03	-7.767372e-03
41            	4.106886e-01	2.015159e-01	2.091727e-01	6.922055e-02	1.925584e-01	-1.233378e-01	1.579481e-01	-3.828396e-03	7.857556e-03	-1.112801e-03	7.301156e-03	-8.413957e-03
42            	4.100377e-01	2.013264e-01	2.087113e-01	6.970827e-02	1.924452e-01	-1.227369e-01	1.575910e-01	-3.692464e-03	8.169701e-03	-1.269079e-03	7.535161e-03	-8.804240e-03
43            	4.094239e-01	2.011038e-01	2.083201e-01	7.031204e-02	1.923600e-01	-1.220480e-01	1.572040e-01	-3.608130e-03	8.321114e-03	-1.336753e-03	7.652737e-03	-8.989490e-03
44            	4.088894e-01	2.010166e-01	2.078728e-01	7.063305e-02	1.920772e-01	-1.214442e-01	1.567607e-01	-3.428069e-03	8.364144e-03	-1.583323e-03	7.572482e-03	-9.155805e-03
45            	4.085961e-01	2.012172e-01	2.073789e-01	7.095109e-02	1.918203e-01	-1.208692e-01	1.563447e-01	-3.080867e-03	8.400605e-03	-2.239162e-03	7.281024e-03	-9.520186e-03
46            	4.086688e-01	2.017461e-01	2.069228e-01	7.119889e-02	1.916451e-01	-1.204462e-01	1.560457e-01	-2.588351e-03	8.525511e-03	-3.245090e-03	6.902966e-03	-1.014806e-02
47            	4.089810e-01	2.024397e-01	2.065413e-01	7.164799e-02	1.916217e-01	-1.199737e-01	1.557977e-01	-2.050811e-03	8.799108e-03	-4.361317e-03	6.618449e-03	-1.097977e-02
48            	4.093653e-01	2.031535e-01	2.062118e-01	7.208198e-02	1.915969e-01	-1.195149e-01	1.555559e-01	-1.529171e-03	9.221989e-03	-5.441043e-03	6.501468e-03	-1.194251e-02
49            	4.097289e-01	2.036264e-01	2.061025e-01	7.266320e-02	1.915973e-01	-1.189341e-01	1.552657e-01	-1.238031e-03	9.729135e-03	-6.011490e-03	6.723390e-03	-1.273488e-02
50            	4.101086e-01	2.038493e-01	2.062594e-01	7.321732e-02	1.916365e-01	-1.184192e-01	1.550278e-01	-1.205056e-03	1.022616e-02	-6.078037e-03	7.187137e-03	-1.326517e-02
51            	4.104939e-01	2.038445e-01	2.066495e-01	7.378428e-02	1.917471e-01	-1.179629e-01	1.548550e-01	-1.402497e-03	1.061100e-02	-5.748357e-03	7.736823e-03	-1.348518e-02
52            	4.109307e-01	2.037380e-01	2.071927e-01	7.411675e-02	1.918657e-01	-1.177489e-01	1.548073e-01	-1.727371e-03	1.082563e-02	-5.259432e-03	8.195914e-03	-1.345535e-02
53            	4.114656e-01	2.035927e-01	2.078730e-01	7.435029e-02	1.920584e-01	-1.177081e-01	1.548833e-01	-2.140136e-03	1.084476e-02	-4.685901e-03	8.501807e-03	-1.318771e-02
54            	4.121248e-01	2.034678e-01	2.086569e-01	7.429863e-02	1.922750e-01	-1.179764e-01	1.551257e-01	-2.594537e-03	1.071216e-02	-4.095862e-03	8.664231e-03	-1.276009e-02
55            	4.129156e-01	2.033989e-01	2.095167e-01	7.407348e-02	1.925078e-01	-1.184343e-01	1.554710e-01	-3.058917e-03	1.044801e-02	-3.507946e-03	8.694040e-03	-1.220199e-02
56            	4.137731e-01	2.033935e-01	2.103795e-01	7.367355e-02	1.927445e-01	-1.190709e-01	1.559077e-01	-3.493014e-03	1.012978e-02	-2.946848e-03	8.656351e-03	-1.160320e-02
57            	4.146619e-01	2.034326e-01	2.112293e-01	7.327834e-02	1.930291e-01	-1.197508e-01	1.563900e-01	-3.898328e-03	9.806110e-03	-2.367395e-03	8.622413e-03	-1.098981e-02
58            	4.155360e-01	2.034780e-01	2.120580e-01	7.283424e-02	1.933152e-01	-1.204809e-01	1.568981e-01	-4.289963e-03	9.542556e-03	-1.720046e-03	8.682533e-03	-1.040258e-02
59            	4.163873e-01	2.035168e-01	2.128705e-01	7.237042e-02	1.935789e-01	-1.212085e-01	1.573937e-01	-4.676841e-03	9.324677e-03	-1.001607e-03	8.823874e-03	-9.825481e-03
60            	4.170397e-01	2.034776e-01	2.135620e-01	7.183519e-02	1.937049e-01	-1.218697e-01	1.577873e-01	-5.042199e-03	9.211162e-03	-2.849350e-04	9.068695e-03	-9.353630e-03
61            	4.174955e-01	2.033145e-01	2.141809e-01	7.131739e-02	1.937027e-01	-1.223853e-01	1.580440e-01	-5.433194e-03	9.192157e-03	5.175816e-04	9.450948e-03	-8.933367e-03
62            	4.177205e-01	2.029976e-01	2.147229e-01	7.078980e-02	1.935290e-01	-1.227392e-01	1.581341e-01	-5.862630e-03	9.281943e-03	1.391232e-03	9.977559e-03	-8.586327e-03
63            	4.177897e-01	2.025353e-01	2.152544e-01	7.033557e-02	1.932289e-01	-1.228933e-01	1.580611e-01	-6.359578e-03	9.448092e-03	2.405041e-03	1.065061e-02	-8.245571e-03
64            	4.177384e-01	2.019784e-01	2.157600e-01	6.991142e-02	1.928499e-01	-1.229385e-01	1.578942e-01	-6.890772e-03	9.667135e-03	3.459564e-03	1.139692e-02	-7.937353e-03
65            	4.175920e-01	2.013601e-01	2.162320e-01	6.958251e-02	1.924209e-01	-1.228384e-01	1.576296e-01	-7.435949e-03	9.877606e-03	4.542830e-03	1.214902e-02	-7.606191e-03
66            	4.174288e-01	2.008086e-01	2.166202e-01	6.929458e-02	1.920195e-01	-1.227249e-01	1.573722e-01	-7.905788e-03	1.007527e-02	5.436952e-03	1.279375e-02	-7.356797e-03
67            	4.173293e-01	2.003842e-01	2.169451e-01	6.916053e-02	1.917703e-01	-1.226098e-01	1.571900e-01	-8.280482e-03	1.022361e-02	6.134448e-03	1.329083e-02	-7.156384e-03
68            	4.172671e-01	2.000944e-01	2.171727e-01	6.903195e-02	1.916175e-01	-1.225855e-01	1.571015e-01	-8.539134e-03	1.032926e-02	6.564728e-03	1.361163e-02	-7.046900e-03
69            	4.172751e-01	1.999244e-01	2.173506e-01	6.901029e-02	1.916279e-01	-1.226176e-01	1.571227e-01	-8.713118e-03	1.038303e-02	6.842828e-03	1.380444e-02	-6.961614e-03
70            	4.174224e-01	1.998694e-01	2.175531e-01	6.896648e-02	1.917653e-01	-1.227988e-01	1.572820e-01	-8.841867e-03	1.043064e-02	7.025156e-03	1.394322e-02	-6.918059e-03
71            	4.176840e-01	1.998331e-01	2.178509e-01	6.893489e-02	1.919711e-01	-1.230362e-01	1.575036e-01	-9.008896e-03	1.047346e-02	7.317071e-03	1.413200e-02	-6.814929e-03
72            	4.179501e-01	1.996950e-01	2.182551e-01	6.881043e-02	1.921728e-01	-1.233624e-01	1.577676e-01	-9.280013e-03	1.055167e-02	7.824957e-03	1.446415e-02	-6.639190e-03
73            	4.182663e-01	1.994702e-01	2.187962e-01	6.870521e-02	1.924141e-01	-1.237089e-01	1.580615e-01	-9.662997e-03	1.066192e-02	8.555708e-03	1.493977e-02	-6.384064e-03
74            	4.185218e-01	1.991061e-01	2.194157e-01	6.839448e-02	1.925254e-01	-1.241309e-01	1.583282e-01	-1.015481e-02	1.081790e-02	9.486844e-03	1.556132e-02	-6.074481e-03
75            	4.186929e-01	1.986473e-01	2.200456e-01	6.802487e-02	1.925540e-01	-1.245292e-01	1.585416e-01	-1.069914e-02	1.100557e-02	1.050198e-02	1.625656e-02	-5.754582e-03
76            	4.187554e-01	1.981377e-01	2.206177e-01	6.749891e-02	1.924412e-01	-1.249422e-01	1.586917e-01	-1.124004e-02	1.121048e-02	1.146832e-02	1.694464e-02	-5.476319e-03
77            	4.187702e-01	1.976441e-01	2.211261e-01	6.696212e-02	1.922384e-01	-1.252763e-01	1.587573e-01	-1.174098e-02	1.138703e-02	1.234504e-02	1.755955e-02	-5.214512e-03
78            	4.187431e-01	1.972069e-01	2.215363e-01	6.636527e-02	1.919550e-01	-1.255898e-01	1.587724e-01	-1.216471e-02	1.151827e-02	1.306414e-02	1.805034e-02	-4.986199e-03
79            	4.187796e-01	1.968853e-01	2.218943e-01	6.590623e-02	1.917192e-01	-1.258130e-01	1.587661e-01	-1.250450e-02	1.157953e-02	1.365181e-02	1.840543e-02	-4.753620e-03
80            	4.188084e-01	1.966600e-01	2.221484e-01	6.544382e-02	1.914288e-01	-1.259850e-01	1.587069e-01	-1.274420e-02	1.158637e-02	1.405889e-02	1.861581e-02	-4.556922e-03
81            	4.188716e-01	1.965798e-01	2.222918e-01	6.518870e-02	1.912145e-01	-1.260258e-01	1.586201e-01	-1.285601e-02	1.152408e-02	1.420890e-02	1.862853e-02	-4.419629e-03
82            	4.189174e-01	1.965876e-01	2.223298e-01	6.499911e-02	1.910166e-01	-1.260175e-01	1.585171e-01	-1.287108e-02	1.141985e-02	1.412883e-02	1.848427e-02	-4.355437e-03
83            	4.190552e-01	1.966590e-01	2.223961e-01	6.491981e-02	1.908761e-01	-1.259563e-01	1.584162e-01	-1.286856e-02	1.126198e-02	1.400406e-02	1.826401e-02	-4.259956e-03
84            	4.191298e-01	1.967178e-01	2.224120e-01	6.486387e-02	1.907300e-01	-1.258661e-01	1.582981e-01	-1.284709e-02	1.110503e-02	1.378274e-02	1.799640e-02	-4.213665e-03
85            	4.192548e-01	1.967582e-01	2.224966e-01	6.489532e-02	1.906745e-01	-1.257791e-01	1.582268e-01	-1.286922e-02	1.095338e-02	1.362937e-02	1.776807e-02	-4.138694e-03
86            	4.193967e-01	1.967467e-01	2.226501e-01	6.480739e-02	1.905762e-01	-1.257688e-01	1.581725e-01	-1.295169e-02	1.086321e-02	1.356879e-02	1.764761e-02	-4.078820e-03
87            	4.195365e-01	1.966569e-01	2.228797e-01	6.472292e-02	1.904709e-01	-1.257480e-01	1.581094e-01	-1.311140e-02	1.082634e-02	1.366578e-02	1.765923e-02	-3.993456e-03
88            	4.196168e-01	1.964477e-01	2.231691e-01	6.454961e-02	1.903030e-01	-1.257534e-01	1.580282e-01	-1.336071e-02	1.084817e-02	1.389868e-02	1.779751e-02	-3.898831e-03
89            	4.196471e-01	1.961134e-01	2.235337e-01	6.438146e-02	1.900906e-01	-1.257092e-01	1.578999e-01	-1.371013e-02	1.090168e-02	1.430311e-02	1.805323e-02	-3.750120e-03
90            	4.194906e-01	1.956134e-01	2.238772e-01	6.415663e-02	1.897656e-01	-1.256089e-01	1.576872e-01	-1.413190e-02	1.099495e-02	1.481506e-02	1.840248e-02	-3.587415e-03
91            	4.192476e-01	1.950185e-01	2.242291e-01	6.401107e-02	1.894296e-01	-1.254185e-01	1.574241e-01	-1.460532e-02	1.112593e-02	1.543207e-02	1.884196e-02	-3.409892e-03
92            	4.188580e-01	1.943579e-01	2.245001e-01	6.380168e-02	1.889899e-01	-1.251882e-01	1.570890e-01	-1.507110e-02	1.132309e-02	1.602150e-02	1.933384e-02	-3.312341e-03
93            	4.184647e-01	1.937462e-01	2.247185e-01	6.373233e-02	1.886238e-01	-1.248914e-01	1.567576e-01	-1.548616e-02	1.158220e-02	1.651741e-02	1.984091e-02	-3.323493e-03
94            	4.181556e-01	1.932549e-01	2.249008e-01	6.374272e-02	1.883585e-01	-1.246157e-01	1.564871e-01	-1.582297e-02	1.193477e-02	1.685010e-02	2.035982e-02	-3.509721e-03
95            	4.180197e-01	1.928968e-01	2.251229e-01	6.385881e-02	1.882145e-01	-1.243557e-01	1.562851e-01	-1.611304e-02	1.231436e-02	1.714403e-02	2.088637e-02	-3.742344e-03
96            	4.180319e-01	1.926864e-01	2.253455e-01	6.401212e-02	1.881420e-01	-1.241299e-01	1.561359e-01	-1.632959e-02	1.272450e-02	1.730688e-02	2.137793e-02	-4.071058e-03
97            	4.181716e-01	1.925982e-01	2.255734e-01	6.436352e-02	1.882605e-01	-1.238969e-01	1.560787e-01	-1.648761e-02	1.311615e-02	1.736667e-02	2.179949e-02	-4.432820e-03
98            	4.184082e-01	1.926029e-01	2.258053e-01	6.462390e-02	1.883757e-01	-1.237518e-01	1.560637e-01	-1.660118e-02	1.346297e-02	1.735436e-02	2.214016e-02	-4.785794e-03
99            	4.186511e-01	1.926134e-01	2.260378e-01	6.480168e-02	1.884107e-01	-1.236090e-01	1.560099e-01	-1.671219e-02	1.372559e-02	1.744303e-02	2.244710e-02	-5.004074e-03
100           	4.188758e-01	1.926682e-01	2.262075e-01	6.497272e-02	1.884641e-01	-1.234913e-01	1.559777e-01	-1.676966e-02	1.393750e-02	1.751419e-02	2.269459e-02	-5.180400e-03
101           	4.191783e-01	1.928127e-01	2.263656e-01	6.516369e-02	1.885631e-01	-1.233994e-01	1.559813e-01	-1.677643e-02	1.408314e-02	1.759320e-02	2.287974e-02	-5.286541e-03
102           	4.194438e-01	1.930004e-01	2.264434e-01	6.532704e-02	1.886471e-01	-1.233200e-01	1.559835e-01	-1.672153e-02	1.419089e-02	1.762002e-02	2.300090e-02	-5.380877e-03
103           	4.197809e-01	1.932461e-01	2.265348e-01	6.556696e-02	1.888230e-01	-1.232561e-01	1.560395e-01	-1.664434e-02	1.426392e-02	1.769037e-02	2.310911e-02	-5.418733e-03
104           	4.201203e-01	1.935002e-01	2.266202e-01	6.565158e-02	1.889308e-01	-1.232792e-01	1.561050e-01	-1.656000e-02	1.431416e-02	1.779176e-02	2.321004e-02	-5.418284e-03
105           	4.204835e-01	1.937340e-01	2.267494e-01	6.572718e-02	1.890605e-01	-1.233334e-01	1.561969e-01	-1.650770e-02	1.433607e-02	1.801931e-02	2.334572e-02	-5.326411e-03
106           	4.208179e-01	1.939402e-01	2.268777e-01	6.568460e-02	1.891624e-01	-1.234778e-01	1.563201e-01	-1.646871e-02	1.435059e-02	1.830165e-02	2.350142e-02	-5.199769e-03
107           	4.211678e-01	1.941323e-01	2.270355e-01	6.556075e-02	1.892296e-01	-1.236689e-01	1.564493e-01	-1.645163e-02	1.432396e-02	1.865076e-02	2.364934e-02	-4.998580e-03
108           	4.214278e-01	1.942707e-01	2.271571e-01	6.537050e-02	1.892358e-01	-1.238653e-01	1.565505e-01	-1.644324e-02	1.428078e-02	1.900247e-02	2.378201e-02	-4.779544e-03
109           	4.217003e-01	1.944263e-01	2.272740e-01	6.525029e-02	1.892862e-01	-1.240359e-01	1.566610e-01	-1.642385e-02	1.419933e-02	1.931241e-02	2.385554e-02	-4.543123e-03
110           	4.218921e-01	1.945549e-01	2.273372e-01	6.509192e-02	1.892583e-01	-1.241664e-01	1.567124e-01	-1.639116e-02	1.409981e-02	1.956447e-02	2.388205e-02	-4.317571e-03
111           	4.220847e-01	1.946965e-01	2.273882e-01	6.507955e-02	1.893043e-01	-1.242247e-01	1.567645e-01	-1.634585e-02	1.400315e-02	1.975032e-02	2.387831e-02	-4.127990e-03
112           	4.222659e-01	1.948737e-01	2.273922e-01	6.508853e-02	1.893732e-01	-1.242847e-01	1.568289e-01	-1.625922e-02	1.390694e-02	1.980444e-02	2.380917e-02	-4.004723e-03
113           	4.224786e-01	1.950684e-01	2.274102e-01	6.520616e-02	1.895141e-01	-1.243079e-01	1.569110e-01	-1.617089e-02	1.380230e-02	1.980550e-02	2.370505e-02	-3.899554e-03
114           	4.225797e-01	1.952226e-01	2.273571e-01	6.536181e-02	1.896412e-01	-1.242794e-01	1.569603e-01	-1.606729e-02	1.373115e-02	1.970137e-02	2.358184e-02	-3.880469e-03
115           	4.226742e-01	1.953711e-01	2.273032e-01	6.569259e-02	1.898789e-01	-1.241863e-01	1.570326e-01	-1.596603e-02	1.366389e-02	1.955073e-02	2.343925e-02	-3.888519e-03
116           	4.227195e-01	1.954931e-01	2.272264e-01	6.599900e-02	1.900807e-01	-1.240817e-01	1.570812e-01	-1.586669e-02	1.364106e-02	1.934158e-02	2.331185e-02	-3.970271e-03
117           	4.226946e-01	1.955634e-01	2.271312e-01	6.640724e-02	1.903162e-01	-1.239089e-01	1.571125e-01	-1.578390e-02	1.362517e-02	1.911542e-02	2.318288e-02	-4.067467e-03
118           	4.226728e-01	1.956372e-01	2.270356e-01	6.676937e-02	1.905320e-01	-1.237626e-01	1.571473e-01	-1.569918e-02	1.365043e-02	1.884048e-02	2.307067e-02	-4.230188e-03
119           	4.226356e-01	1.956658e-01	2.269698e-01	6.710205e-02	1.907219e-01	-1.236199e-01	1.571709e-01	-1.565198e-02	1.367585e-02	1.861657e-02	2.298414e-02	-4.367568e-03
120           	4.225425e-01	1.956747e-01	2.268678e-01	6.729660e-02	1.908138e-01	-1.235172e-01	1.571655e-01	-1.559658e-02	1.374462e-02	1.834190e-02	2.291556e-02	-4.573669e-03
121           	4.224977e-01	1.956808e-01	2.268169e-01	6.743907e-02	1.909250e-01	-1.234859e-01	1.572054e-01	-1.556806e-02	1.381885e-02	1.811214e-02	2.287492e-02	-4.762778e-03
122           	4.223923e-01	1.956429e-01	2.267493e-01	6.738214e-02	1.908986e-01	-1.235165e-01	1.572076e-01	-1.555319e-02	1.390097e-02	1.790906e-02	2.285550e-02	-4.946435e-03
123           	4.222799e-01	1.955970e-01	2.266828e-01	6.729453e-02	1.908552e-01	-1.235607e-01	1.572080e-01	-1.554290e-02	1.400295e-02	1.770495e-02	2.285543e-02	-5.150478e-03
124           	4.221521e-01	1.955374e-01	2.266147e-01	6.713793e-02	1.907742e-01	-1.236363e-01	1.572053e-01	-1.553863e-02	1.412304e-02	1.751387e-02	2.287998e-02	-5.366102e-03
125           	4.220859e-01	1.954617e-01	2.266242e-01	6.698857e-02	1.906975e-01	-1.237089e-01	1.572032e-01	-1.558129e-02	1.423547e-02	1.743517e-02	2.295306e-02	-5.517883e-03
126           	4.219365e-01	1.952931e-01	2.266434e-01	6.676125e-02	1.905364e-01	-1.237752e-01	1.571558e-01	-1.567513e-02	1.433870e-02	1.751161e-02	2.309450e-02	-5.582892e-03
127           	4.217347e-01	1.950860e-01	2.266488e-01	6.658513e-02	1.903650e-01	-1.237799e-01	1.570724e-01	-1.578140e-02	1.442086e-02	1.771933e-02	2.328053e-02	-5.561201e-03
128           	4.214640e-01	1.949360e-01	2.265280e-01	6.633416e-02	1.901325e-01	-1.237983e-01	1.569654e-01	-1.579598e-02	1.451891e-02	1.778893e-02	2.341337e-02	-5.624442e-03
129           	4.212219e-01	1.949206e-01	2.263013e-01	6.606239e-02	1.898484e-01	-1.237860e-01	1.568172e-01	-1.569037e-02	1.463733e-02	1.765632e-02	2.346549e-02	-5.809172e-03
130           	4.210612e-01	1.950795e-01	2.259817e-01	6.593510e-02	1.897637e-01	-1.238286e-01	1.567961e-01	-1.545110e-02	1.480075e-02	1.721995e-02	2.341072e-02	-6.190775e-03
131           	4.210796e-01	1.953706e-01	2.257089e-01	6.585165e-02	1.897282e-01	-1.238766e-01	1.568024e-01	-1.516915e-02	1.494365e-02	1.673352e-02	2.331041e-02	-6.576887e-03
132           	4.211331e-01	1.957378e-01	2.253953e-01	6.585482e-02	1.897601e-01	-1.239053e-01	1.568327e-01	-1.482871e-02	1.511497e-02	1.607892e-02	2.315443e-02	-7.075507e-03
133           	4.212191e-01	1.960632e-01	2.251559e-01	6.594978e-02	1.898362e-01	-1.238864e-01	1.568613e-01	-1.454634e-02	1.525034e-02	1.556452e-02	2.303260e-02	-7.468084e-03
134           	4.212741e-01	1.962982e-01	2.249759e-01	6.596334e-02	1.898400e-01	-1.238767e-01	1.568583e-01	-1.433888e-02	1.536788e-02	1.518745e-02	2.296161e-02	-7.774158e-03
135           	4.212461e-01	1.963796e-01	2.248665e-01	6.601879e-02	1.898149e-01	-1.237961e-01	1.568055e-01	-1.424344e-02	1.546172e-02	1.505281e-02	2.298812e-02	-7.935318e-03
136           	4.212001e-01	1.963695e-01	2.248305e-01	6.601451e-02	1.897606e-01	-1.237461e-01	1.567533e-01	-1.423051e-02	1.554294e-02	1.509250e-02	2.308920e-02	-7.996694e-03
137           	4.211711e-01	1.963071e-01	2.248640e-01	6.602816e-02	1.897116e-01	-1.236835e-01	1.566976e-01	-1.427848e-02	1.560580e-02	1.526235e-02	2.323697e-02	-7.974620e-03
138           	4.211597e-01	1.962126e-01	2.249470e-01	6.600593e-02	1.896698e-01	-1.236638e-01	1.566668e-01	-1.436720e-02	1.568028e-02	1.548916e-02	2.342486e-02	-7.935696e-03
139           	4.212162e-01	1.961164e-01	2.250998e-01	6.605011e-02	1.897156e-01	-1.236655e-01	1.566906e-01	-1.449172e-02	1.576005e-02	1.575689e-02	2.363850e-02	-7.881607e-03
140           	4.214022e-01	1.960507e-01	2.253515e-01	6.594130e-02	1.897347e-01	-1.237934e-01	1.567641e-01	-1.465037e-02	1.584327e-02	1.606750e-02	2.387702e-02	-7.809519e-03
141           	4.216663e-01	1.960062e-01	2.256601e-01	6.584465e-02	1.897817e-01	-1.239371e-01	1.568594e-01	-1.482694e-02	1.594271e-02	1.641015e-02	2.414778e-02	-7.737635e-03
142           	4.219935e-01	1.959703e-01	2.260232e-01	6.564087e-02	1.898140e-01	-1.241732e-01	1.569936e-01	-1.502646e-02	1.604051e-02	1.682643e-02	2.445372e-02	-7.627297e-03
143           	4.223466e-01	1.959173e-01	2.264294e-01	6.545840e-02	1.898423e-01	-1.243839e-01	1.571131e-01	-1.525603e-02	1.613050e-02	1.733062e-02	2.479581e-02	-7.465189e-03
144           	4.226354e-01	1.958569e-01	2.267785e-01	6.521032e-02	1.898252e-01	-1.246149e-01	1.572200e-01	-1.546082e-02	1.623579e-02	1.778986e-02	2.513072e-02	-7.340867e-03
145           	4.228572e-01	1.957565e-01	2.271007e-01	6.506978e-02	1.898137e-01	-1.247439e-01	1.572788e-01	-1.567209e-02	1.632303e-02	1.828885e-02	2.546746e-02	-7.178610e-03
146           	4.230049e-01	1.956799e-01	2.273250e-01	6.489954e-02	1.897331e-01	-1.248335e-01	1.572833e-01	-1.582253e-02	1.640429e-02	1.867175e-02	2.574017e-02	-7.068419e-03
147           	4.230030e-01	1.955739e-01	2.274292e-01	6.489180e-02	1.896402e-01	-1.247484e-01	1.571943e-01	-1.592765e-02	1.645127e-02	1.895885e-02	2.593069e-02	-6.971844e-03
148           	4.228828e-01	1.954836e-01	2.273992e-01	6.489548e-02	1.894784e-01	-1.245829e-01	1.570307e-01	-1.595778e-02	1.649337e-02	1.906048e-02	2.602361e-02	-6.963137e-03
149           	4.226787e-01	1.953788e-01	2.272999e-01	6.505880e-02	1.893595e-01	-1.243007e-01	1.568301e-01	-1.596055e-02	1.649124e-02	1.907397e-02	2.602822e-02	-6.954254e-03
150           	4.224621e-01	1.953146e-01	2.271475e-01	6.518340e-02	1.892090e-01	-1.240256e-01	1.566173e-01	-1.591645e-02	1.647917e-02	1.893929e-02	2.594882e-02	-7.009530e-03
151           	4.222264e-01	1.952377e-01	2.269888e-01	6.542531e-02	1.891376e-01	-1.237123e-01	1.564250e-01	-1.587555e-02	1.640124e-02	1.879450e-02	2.579849e-02	-7.003994e-03
152           	4.220709e-01	1.952613e-01	2.268096e-01	6.562256e-02	1.891262e-01	-1.235036e-01	1.563149e-01	-1.577417e-02	1.632216e-02	1.847359e-02	2.555895e-02	-7.085362e-03
153           	4.219368e-01	1.953175e-01	2.266193e-01	6.589729e-02	1.892088e-01	-1.233115e-01	1.562602e-01	-1.565093e-02	1.620253e-02	1.807753e-02	2.524130e-02	-7.163769e-03
154           	4.219250e-01	1.954289e-01	2.264961e-01	6.608111e-02	1.893374e-01	-1.232563e-01	1.562968e-01	-1.553358e-02	1.608822e-02	1.766637e-02	2.492141e-02	-7.255034e-03
155           	4.219264e-01	1.955112e-01	2.264152e-01	6.637309e-02	1.895745e-01	-1.232015e-01	1.563880e-01	-1.545197e-02	1.596497e-02	1.733711e-02	2.463353e-02	-7.296418e-03
156           	4.219832e-01	1.955864e-01	2.263967e-01	6.655697e-02	1.898086e-01	-1.232516e-01	1.565301e-01	-1.540516e-02	1.588152e-02	1.709892e-02	2.443098e-02	-7.332060e-03
157           	4.220352e-01	1.955980e-01	2.264371e-01	6.677777e-02	1.900671e-01	-1.232893e-01	1.566782e-01	-1.541955e-02	1.582447e-02	1.700707e-02	2.432800e-02	-7.320931e-03
158           	4.220321e-01	1.955714e-01	2.264607e-01	6.687923e-02	1.902408e-01	-1.233615e-01	1.568012e-01	-1.544466e-02	1.581187e-02	1.697574e-02	2.429974e-02	-7.323997e-03
159           	4.220262e-01	1.955309e-01	2.264952e-01	6.699768e-02	1.904077e-01	-1.234100e-01	1.569088e-01	-1.548215e-02	1.582150e-02	1.703368e-02	2.433834e-02	-7.304661e-03
160           	4.219872e-01	1.955050e-01	2.264822e-01	6.697491e-02	1.904874e-01	-1.235125e-01	1.569999e-01	-1.548861e-02	1.586334e-02	1.707549e-02	2.440108e-02	-7.325593e-03
161           	4.219359e-01	1.955174e-01	2.264185e-01	6.696662e-02	1.905444e-01	-1.235778e-01	1.570611e-01	-1.545056e-02	1.589847e-02	1.708608e-02	2.444151e-02	-7.355435e-03
162           	4.218680e-01	1.956072e-01	2.262608e-01	6.683364e-02	1.905167e-01	-1.236830e-01	1.570999e-01	-1.532679e-02	1.594209e-02	1.695317e-02	2.441868e-02	-7.465509e-03
163           	4.217831e-01	1.957611e-01	2.260219e-01	6.672519e-02	1.904643e-01	-1.237391e-01	1.571017e-01	-1.513040e-02	1.595161e-02	1.669349e-02	2.429836e-02	-7.604871e-03
164           	4.216475e-01	1.959617e-01	2.256858e-01	6.651657e-02	1.903342e-01	-1.238177e-01	1.570760e-01	-1.486206e-02	1.593096e-02	1.630182e-02	2.408187e-02	-7.780053e-03
165           	4.214875e-01	1.961602e-01	2.253273e-01	6.640204e-02	1.902484e-01	-1.238463e-01	1.570474e-01	-1.458359e-02	1.586094e-02	1.589410e-02	2.380799e-02	-7.913884e-03
166           	4.213322e-01	1.963508e-01	2.249814e-01	6.620438e-02	1.901219e-01	-1.239175e-01	1.570197e-01	-1.431532e-02	1.574906e-02	1.549666e-02	2.349739e-02	-8.000733e-03
167           	4.212344e-01	1.965485e-01	2.246859e-01	6.612217e-02	1.900832e-01	-1.239611e-01	1.570222e-01	-1.406875e-02	1.561592e-02	1.511540e-02	2.317362e-02	-8.058224e-03
168           	4.211529e-01	1.966805e-01	2.244723e-01	6.601468e-02	1.900507e-01	-1.240360e-01	1.570434e-01	-1.389588e-02	1.545774e-02	1.485269e-02	2.288408e-02	-8.031395e-03
169           	4.211116e-01	1.967219e-01	2.243897e-01	6.599893e-02	1.900717e-01	-1.240728e-01	1.570722e-01	-1.383386e-02	1.528539e-02	1.480744e-02	2.268911e-02	-7.881667e-03
170           	4.209296e-01	1.966136e-01	2.243160e-01	6.590169e-02	1.899783e-01	-1.240766e-01	1.570274e-01	-1.385118e-02	1.511444e-02	1.497660e-02	2.260274e-02	-7.626141e-03
171           	4.207119e-01	1.964996e-01	2.242122e-01	6.585053e-02	1.898770e-01	-1.240265e-01	1.569517e-01	-1.385630e-02	1.498250e-02	1.514353e-02	2.255426e-02	-7.410732e-03
172           	4.204598e-01	1.963911e-01	2.240687e-01	6.575265e-02	1.897551e-01	-1.240024e-01	1.568788e-01	-1.383880e-02	1.490601e-02	1.525248e-02	2.253225e-02	-7.279767e-03
173           	4.202922e-01	1.963451e-01	2.239471e-01	6.574697e-02	1.896915e-01	-1.239445e-01	1.568180e-01	-1.380097e-02	1.485156e-02	1.531964e-02	2.251138e-02	-7.191741e-03
174           	4.201446e-01	1.963240e-01	2.238206e-01	6.574017e-02	1.896287e-01	-1.238885e-01	1.567586e-01	-1.374827e-02	1.484845e-02	1.529625e-02	2.249658e-02	-7.200325e-03
175           	4.200209e-01	1.962896e-01	2.237312e-01	6.584934e-02	1.896109e-01	-1.237615e-01	1.566862e-01	-1.372080e-02	1.483457e-02	1.527705e-02	2.247309e-02	-7.196042e-03
176           	4.198203e-01	1.961652e-01	2.236550e-01	6.590170e-02	1.895107e-01	-1.236090e-01	1.565599e-01	-1.374489e-02	1.481569e-02	1.535196e-02	2.249167e-02	-7.139713e-03
177           	4.195800e-01	1.959621e-01	2.236179e-01	6.599399e-02	1.893844e-01	-1.233905e-01	1.563875e-01	-1.382792e-02	1.476313e-02	1.554657e-02	2.253641e-02	-6.989839e-03
178           	4.193115e-01	1.956796e-01	2.236319e-01	6.599518e-02	1.891890e-01	-1.231938e-01	1.561914e-01	-1.397618e-02	1.468809e-02	1.588404e-02	2.263011e-02	-6.746068e-03
179           	4.190625e-01	1.953660e-01	2.236965e-01	6.606748e-02	1.890427e-01	-1.229753e-01	1.560090e-01	-1.416521e-02	1.459340e-02	1.632060e-02	2.275370e-02	-6.433100e-03
180           	4.188144e-01	1.950409e-01	2.237735e-01	6.609260e-02	1.888799e-01	-1.227873e-01	1.558336e-01	-1.436630e-02	1.449661e-02	1.677151e-02	2.288236e-02	-6.110857e-03
181           	4.186140e-01	1.947348e-01	2.238792e-01	6.621722e-02	1.887932e-01	-1.225760e-01	1.556846e-01	-1.457221e-02	1.442358e-02	1.720920e-02	2.302818e-02	-5.818980e-03
182           	4.184532e-01	1.944524e-01	2.240008e-01	6.630123e-02	1.887320e-01	-1.224307e-01	1.555813e-01	-1.477419e-02	1.437742e-02	1.762034e-02	2.318759e-02	-5.567256e-03
183           	4.184269e-01	1.942527e-01	2.241742e-01	6.636312e-02	1.887225e-01	-1.223594e-01	1.555410e-01	-1.496074e-02	1.437131e-02	1.799498e-02	2.336880e-02	-5.373820e-03
184           	4.184723e-01	1.940721e-01	2.244002e-01	6.629969e-02	1.887046e-01	-1.224049e-01	1.555548e-01	-1.516402e-02	1.439169e-02	1.839605e-02	2.358972e-02	-5.193666e-03
185           	4.185891e-01	1.939130e-01	2.246761e-01	6.625313e-02	1.887498e-01	-1.224966e-01	1.556232e-01	-1.538152e-02	1.443602e-02	1.884790e-02	2.385997e-02	-5.012075e-03
186           	4.187295e-01	1.937658e-01	2.249638e-01	6.603830e-02	1.887191e-01	-1.226808e-01	1.556999e-01	-1.559900e-02	1.448824e-02	1.931802e-02	2.414725e-02	-4.829230e-03
187           	4.188845e-01	1.936241e-01	2.252604e-01	6.589115e-02	1.887293e-01	-1.228381e-01	1.557837e-01	-1.581817e-02	1.453878e-02	1.980971e-02	2.444363e-02	-4.633923e-03
188           	4.189791e-01	1.935056e-01	2.254734e-01	6.571148e-02	1.886995e-01	-1.229880e-01	1.558437e-01	-1.598389e-02	1.458144e-02	2.021774e-02	2.469031e-02	-4.472569e-03
189           	4.191051e-01	1.934624e-01	2.256426e-01	6.562749e-02	1.887208e-01	-1.230933e-01	1.559070e-01	-1.609011e-02	1.461438e-02	2.051984e-02	2.487430e-02	-4.354460e-03
190           	4.191503e-01	1.934515e-01	2.256987e-01	6.555129e-02	1.886872e-01	-1.231359e-01	1.559116e-01	-1.612361e-02	1.462991e-02	2.066021e-02	2.496001e-02	-4.299802e-03
191           	4.192030e-01	1.935046e-01	2.256984e-01	6.559613e-02	1.886880e-01	-1.230919e-01	1.558900e-01	-1.609688e-02	1.460968e-02	2.068846e-02	2.495391e-02	-4.265454e-03
192           	4.191569e-01	1.935673e-01	2.255897e-01	6.566182e-02	1.886433e-01	-1.229815e-01	1.558124e-01	-1.601121e-02	1.456805e-02	2.057876e-02	2.485743e-02	-4.278666e-03
193           	4.191379e-01	1.936840e-01	2.254539e-01	6.582193e-02	1.886420e-01	-1.228200e-01	1.557310e-01	-1.588499e-02	1.449815e-02	2.037352e-02	2.468491e-02	-4.311384e-03
194           	4.190350e-01	1.938121e-01	2.252230e-01	6.599270e-02	1.886097e-01	-1.226170e-01	1.556133e-01	-1.570545e-02	1.440630e-02	2.002680e-02	2.441970e-02	-4.392898e-03
195           	4.190238e-01	1.940041e-01	2.250197e-01	6.625968e-02	1.886856e-01	-1.224259e-01	1.555557e-01	-1.550782e-02	1.428662e-02	1.961717e-02	2.409521e-02	-4.478036e-03
196           	4.190177e-01	1.942008e-01	2.248169e-01	6.644533e-02	1.887361e-01	-1.222908e-01	1.555134e-01	-1.530804e-02	1.415615e-02	1.916099e-02	2.373665e-02	-4.575660e-03
197           	4.190548e-01	1.943881e-01	2.246667e-01	6.668233e-02	1.888564e-01	-1.221741e-01	1.555152e-01	-1.513929e-02	1.400971e-02	1.875099e-02	2.338521e-02	-4.634210e-03
198           	4.190317e-01	1.945370e-01	2.244946e-01	6.686275e-02	1.889472e-01	-1.220844e-01	1.555158e-01	-1.497881e-02	1.387148e-02	1.833406e-02	2.303851e-02	-4.704451e-03
199           	4.190818e-01	1.946885e-01	2.243933e-01	6.708198e-02	1.891185e-01	-1.220366e-01	1.555775e-01	-1.485237e-02	1.374632e-02	1.798384e-02	2.273824e-02	-4.754405e-03
200           	4.190598e-01	1.948004e-01	2.242594e-01	6.720024e-02	1.892294e-01	-1.220292e-01	1.556293e-01	-1.472949e-02	1.363786e-02	1.764943e-02	2.246258e-02	-4.813145e-03
201           	4.190503e-01	1.948981e-01	2.241522e-01	6.734064e-02	1.893603e-01	-1.220196e-01	1.556900e-01	-1.462710e-02	1.355042e-02	1.737650e-02	2.223867e-02	-4.862166e-03
202           	4.189910e-01	1.949829e-01	2.240080e-01	6.737926e-02	1.894301e-01	-1.220509e-01	1.557405e-01	-1.451256e-02	1.348386e-02	1.709294e-02	2.203033e-02	-4.937391e-03
203           	4.189391e-01	1.950892e-01	2.238499e-01	6.741646e-02	1.894713e-01	-1.220549e-01	1.557631e-01	-1.438038e-02	1.343159e-02	1.680084e-02	2.183201e-02	-5.031174e-03
204           	4.188103e-01	1.951894e-01	2.236210e-01	6.732903e-02	1.893924e-01	-1.220634e-01	1.557279e-01	-1.421581e-02	1.337245e-02	1.647325e-02	2.160907e-02	-5.135820e-03
205           	4.186868e-01	1.953335e-01	2.233533e-01	6.732896e-02	1.893379e-01	-1.220089e-01	1.556734e-01	-1.400990e-02	1.331601e-02	1.608365e-02	2.135783e-02	-5.274180e-03
206           	4.185004e-01	1.955180e-01	2.229823e-01	6.723872e-02	1.891865e-01	-1.219477e-01	1.555671e-01	-1.373213e-02	1.325493e-02	1.556885e-02	2.103936e-02	-5.470508e-03
207           	4.183047e-01	1.957369e-01	2.225678e-01	6.722657e-02	1.890475e-01	-1.218209e-01	1.554342e-01	-1.341542e-02	1.318686e-02	1.499240e-02	2.068306e-02	-5.690666e-03
208           	4.180297e-01	1.959418e-01	2.220878e-01	6.714940e-02	1.888358e-01	-1.216864e-01	1.552611e-01	-1.307300e-02	1.311305e-02	1.436926e-02	2.029768e-02	-5.928419e-03
209           	4.177522e-01	1.961168e-01	2.216354e-01	6.717065e-02	1.886722e-01	-1.215015e-01	1.550869e-01	-1.275927e-02	1.301195e-02	1.382968e-02	1.992679e-02	-6.097112e-03
210           	4.173881e-01	1.962248e-01	2.211633e-01	6.711584e-02	1.884381e-01	-1.213223e-01	1.548802e-01	-1.246929e-02	1.292022e-02	1.331362e-02	1.957703e-02	-6.263410e-03
211           	4.170757e-01	1.963004e-01	2.207752e-01	6.714148e-02	1.882883e-01	-1.211468e-01	1.547175e-01	-1.223742e-02	1.283884e-02	1.290255e-02	1.929011e-02	-6.387561e-03
212           	4.167896e-01	1.963399e-01	2.204497e-01	6.715221e-02	1.881833e-01	-1.210311e-01	1.546072e-01	-1.205490e-02	1.278759e-02	1.255212e-02	1.906365e-02	-6.511531e-03
213           	4.166261e-01	1.963247e-01	2.203014e-01	6.725014e-02	1.881981e-01	-1.209479e-01	1.545730e-01	-1.198834e-02	1.275310e-02	1.244244e-02	1.897432e-02	-6.531878e-03
214           	4.164392e-01	1.962072e-01	2.202320e-01	6.724147e-02	1.881684e-01	-1.209269e-01	1.545476e-01	-1.201239e-02	1.274664e-02	1.251034e-02	1.900181e-02	-6.491467e-03
215           	4.163045e-01	1.960325e-01	2.202720e-01	6.720876e-02	1.881441e-01	-1.209353e-01	1.545397e-01	-1.211973e-02	1.275338e-02	1.280804e-02	1.915740e-02	-6.349359e-03
216           	4.161241e-01	1.959043e-01	2.202198e-01	6.703078e-02	1.880212e-01	-1.209904e-01	1.545058e-01	-1.215777e-02	1.281012e-02	1.295315e-02	1.928670e-02	-6.333549e-03
217           	4.159865e-01	1.958560e-01	2.201306e-01	6.690655e-02	1.879372e-01	-1.210306e-01	1.544839e-01	-1.213729e-02	1.291197e-02	1.296873e-02	1.939633e-02	-6.427604e-03
218           	4.159255e-01	1.959293e-01	2.199962e-01	6.676939e-02	1.878810e-01	-1.211116e-01	1.544963e-01	-1.203346e-02	1.301894e-02	1.278667e-02	1.941228e-02	-6.625604e-03
219           	4.159161e-01	1.960725e-01	2.198436e-01	6.673388e-02	1.878626e-01	-1.211287e-01	1.544956e-01	-1.188558e-02	1.312512e-02	1.250117e-02	1.937571e-02	-6.874534e-03
220           	4.158566e-01	1.962344e-01	2.196223e-01	6.668609e-02	1.877953e-01	-1.211092e-01	1.544522e-01	-1.169396e-02	1.320753e-02	1.209476e-02	1.925491e-02	-7.160145e-03
221           	4.157867e-01	1.963665e-01	2.194202e-01	6.670528e-02	1.877283e-01	-1.210230e-01	1.543757e-01	-1.152686e-02	1.323659e-02	1.174664e-02	1.910991e-02	-7.363272e-03
222           	4.156224e-01	1.964524e-01	2.191701e-01	6.671106e-02	1.876062e-01	-1.208952e-01	1.542507e-01	-1.135884e-02	1.321759e-02	1.140909e-02	1.892213e-02	-7.513047e-03
223           	4.154817e-01	1.965517e-01	2.189300e-01	6.677504e-02	1.875085e-01	-1.207334e-01	1.541210e-01	-1.118915e-02	1.317453e-02	1.109417e-02	1.872162e-02	-7.627445e-03
224           	4.153548e-01	1.966595e-01	2.186954e-01	6.680322e-02	1.874015e-01	-1.205983e-01	1.539999e-01	-1.101795e-02	1.310274e-02	1.079200e-02	1.849874e-02	-7.706740e-03
225           	4.153125e-01	1.967892e-01	2.185233e-01	6.695804e-02	1.874240e-01	-1.204660e-01	1.539450e-01	-1.086701e-02	1.302931e-02	1.054657e-02	1.830260e-02	-7.756026e-03
226           	4.153279e-01	1.969230e-01	2.184048e-01	6.707539e-02	1.874703e-01	-1.203949e-01	1.539326e-01	-1.074090e-02	1.298618e-02	1.032955e-02	1.815095e-02	-7.821405e-03
227           	4.154758e-01	1.970697e-01	2.184061e-01	6.723009e-02	1.876066e-01	-1.203765e-01	1.539915e-01	-1.066819e-02	1.295812e-02	1.020477e-02	1.806051e-02	-7.855739e-03
228           	4.157171e-01	1.972234e-01	2.184938e-01	6.726653e-02	1.877436e-01	-1.204771e-01	1.541103e-01	-1.063519e-02	1.297868e-02	1.014483e-02	1.805109e-02	-7.906266e-03
229           	4.160728e-01	1.973807e-01	2.186920e-01	6.729331e-02	1.879417e-01	-1.206484e-01	1.542951e-01	-1.065564e-02	1.302491e-02	1.020225e-02	1.812603e-02	-7.923781e-03
230           	4.164422e-01	1.974950e-01	2.189472e-01	6.716765e-02	1.880718e-01	-1.209041e-01	1.544879e-01	-1.072608e-02	1.309522e-02	1.037109e-02	1.828076e-02	-7.909673e-03
231           	4.167612e-01	1.975392e-01	2.192220e-01	6.703814e-02	1.881694e-01	-1.211312e-01	1.546503e-01	-1.084140e-02	1.316951e-02	1.065287e-02	1.849594e-02	-7.843073e-03
232           	4.170345e-01	1.975409e-01	2.194936e-01	6.681102e-02	1.881962e-01	-1.213852e-01	1.547907e-01	-1.097637e-02	1.325974e-02	1.097198e-02	1.874573e-02	-7.773747e-03
233           	4.172324e-01	1.974907e-01	2.197417e-01	6.661312e-02	1.881764e-01	-1.215633e-01	1.548699e-01	-1.112547e-02	1.331751e-02	1.133911e-02	1.898707e-02	-7.647959e-03
234           	4.172886e-01	1.974057e-01	2.198829e-01	6.640749e-02	1.880693e-01	-1.216618e-01	1.548655e-01	-1.123858e-02	1.336188e-02	1.163277e-02	1.917827e-02	-7.545494e-03
235           	4.172594e-01	1.973258e-01	2.199336e-01	6.635530e-02	1.879842e-01	-1.216289e-01	1.548066e-01	-1.130392e-02	1.337412e-02	1.181201e-02	1.928012e-02	-7.468115e-03
236           	4.171806e-01	1.972677e-01	2.199129e-01	6.633806e-02	1.878742e-01	-1.215361e-01	1.547051e-01	-1.132258e-02	1.334819e-02	1.187199e-02	1.928418e-02	-7.412192e-03
237           	4.170750e-01	1.972420e-01	2.198331e-01	6.646264e-02	1.878102e-01	-1.213476e-01	1.545789e-01	-1.129554e-02	1.326518e-02	1.181831e-02	1.917433e-02	-7.356027e-03
238           	4.169503e-01	1.972588e-01	2.196915e-01	6.664256e-02	1.877692e-01	-1.211266e-01	1.544479e-01	-1.121635e-02	1.315303e-02	1.162649e-02	1.896627e-02	-7.339784e-03
239           	4.168458e-01	1.973087e-01	2.195371e-01	6.695343e-02	1.878251e-01	-1.208716e-01	1.543484e-01	-1.111419e-02	1.296759e-02	1.138246e-02	1.865882e-02	-7.276360e-03
240           	4.167619e-01	1.973890e-01	2.193728e-01	6.723874e-02	1.879156e-01	-1.206768e-01	1.542962e-01	-1.099189e-02	1.273102e-02	1.110120e-02	1.828162e-02	-7.180420e-03
241           	4.167510e-01	1.974722e-01	2.192788e-01	6.756463e-02	1.880897e-01	-1.205251e-01	1.543074e-01	-1.090330e-02	1.242496e-02	1.092687e-02	1.788839e-02	-6.961522e-03
242           	4.167364e-01	1.975168e-01	2.192196e-01	6.781432e-02	1.882652e-01	-1.204509e-01	1.543580e-01	-1.085142e-02	1.205631e-02	1.089559e-02	1.750411e-02	-6.608521e-03
243           	4.168255e-01	1.975471e-01	2.192784e-01	6.807668e-02	1.885295e-01	-1.204528e-01	1.544911e-01	-1.086567e-02	1.162790e-02	1.105931e-02	1.715756e-02	-6.098246e-03
244           	4.169005e-01	1.975510e-01	2.193495e-01	6.820235e-02	1.887244e-01	-1.205220e-01	1.546232e-01	-1.089927e-02	1.116872e-02	1.132533e-02	1.683139e-02	-5.506059e-03
245           	4.169799e-01	1.975207e-01	2.194592e-01	6.832968e-02	1.889191e-01	-1.205894e-01	1.547543e-01	-1.096927e-02	1.067069e-02	1.173681e-02	1.653909e-02	-4.802283e-03
246           	4.170398e-01	1.975127e-01	2.195271e-01	6.833900e-02	1.890513e-01	-1.207123e-01	1.548818e-01	-1.100718e-02	1.015751e-02	1.214142e-02	1.622822e-02	-4.086794e-03
247           	4.171164e-01	1.975329e-01	2.195834e-01	6.835367e-02	1.891717e-01	-1.208181e-01	1.549949e-01	-1.102525e-02	9.630316e-03	1.254933e-02	1.590498e-02	-3.355653e-03
248           	4.170724e-01	1.975671e-01	2.195053e-01	6.827322e-02	1.891752e-01	-1.209019e-01	1.550386e-01	-1.096908e-02	9.087466e-03	1.285121e-02	1.551307e-02	-2.661859e-03
249           	4.169906e-01	1.976208e-01	2.193697e-01	6.826286e-02	1.891937e-01	-1.209308e-01	1.550623e-01	-1.087447e-02	8.513151e-03	1.311118e-02	1.506874e-02	-1.957561e-03
250           	4.167754e-01	1.976653e-01	2.191101e-01	6.819121e-02	1.891223e-01	-1.209311e-01	1.550267e-01	-1.072239e-02	7.958819e-03	1.324755e-02	1.458259e-02	-1.335045e-03
251           	4.165073e-01	1.976953e-01	2.188120e-01	6.819618e-02	1.890637e-01	-1.208675e-01	1.549656e-01	-1.055837e-02	7.411793e-03	1.334309e-02	1.408334e-02	-7.402487e-04
252           	4.161222e-01	1.976750e-01	2.184472e-01	6.821347e-02	1.889879e-01	-1.207745e-01	1.548812e-01	-1.038607e-02	6.896865e-03	1.337482e-02	1.358427e-02	-2.094560e-04
253           	4.157556e-01	1.976472e-01	2.181084e-01	6.840074e-02	1.890530e-01	-1.206523e-01	1.548527e-01	-1.023062e-02	6.417298e-03	1.338384e-02	1.310922e-02	2.746231e-04
254           	4.153814e-01	1.975713e-01	2.178101e-01	6.862803e-02	1.891710e-01	-1.205430e-01	1.548570e-01	-1.011942e-02	6.004811e-03	1.338264e-02	1.269613e-02	6.865087e-04
255           	4.150759e-01	1.974239e-01	2.176520e-01	6.893882e-02	1.893586e-01	-1.204198e-01	1.548892e-01	-1.011409e-02	5.651093e-03	1.348164e-02	1.239191e-02	1.089725e-03
256           	4.146543e-01	1.971407e-01	2.175136e-01	6.913371e-02	1.894345e-01	-1.203008e-01	1.548676e-01	-1.018642e-02	5.392694e-03	1.364918e-02	1.221728e-02	1.431896e-03
257           	4.142233e-01	1.968448e-01	2.173785e-01	6.922535e-02	1.894061e-01	-1.201807e-01	1.547934e-01	-1.026686e-02	5.254726e-03	1.376306e-02	1.213626e-02	1.626806e-03
258           	4.137799e-01	1.966032e-01	2.171768e-01	6.922373e-02	1.893178e-01	-1.200940e-01	1.547059e-01	-1.028681e-02	5.251353e-03	1.363994e-02	1.207132e-02	1.568616e-03
259           	4.135758e-01	1.965283e-01	2.170474e-01	6.926976e-02	1.893465e-01	-1.200767e-01	1.547116e-01	-1.025954e-02	5.290081e-03	1.337831e-02	1.197924e-02	1.399073e-03
260           	4.135441e-01	1.965774e-01	2.169667e-01	6.933365e-02	1.894523e-01	-1.201186e-01	1.547854e-01	-1.019467e-02	5.333426e-03	1.303695e-02	1.185190e-02	1.185050e-03
261           	4.135949e-01	1.966678e-01	2.169271e-01	6.962882e-02	1.897446e-01	-1.201158e-01	1.549302e-01	-1.012968e-02	5.320482e-03	1.272253e-02	1.168175e-02	1.040784e-03
262           	4.135721e-01	1.967161e-01	2.168561e-01	7.001032e-02	1.900878e-01	-1.200774e-01	1.550826e-01	-1.007000e-02	5.306315e-03	1.240295e-02	1.150779e-02	8.951591e-04
263           	4.135405e-01	1.967576e-01	2.167830e-01	7.040946e-02	1.904034e-01	-1.199940e-01	1.551987e-01	-1.001271e-02	5.300553e-03	1.202880e-02	1.131495e-02	7.138444e-04
264           	4.134770e-01	1.967750e-01	2.167020e-01	7.066737e-02	1.905687e-01	-1.199013e-01	1.552350e-01	-9.963508e-03	5.343006e-03	1.157112e-02	1.112857e-02	4.425536e-04
265           	4.134571e-01	1.968053e-01	2.166518e-01	7.089531e-02	1.906978e-01	-1.198025e-01	1.552502e-01	-9.923267e-03	5.399407e-03	1.111602e-02	1.095742e-02	1.586020e-04
266           	4.134060e-01	1.968406e-01	2.165654e-01	7.098765e-02	1.907365e-01	-1.197489e-01	1.552427e-01	-9.862397e-03	5.474005e-03	1.063814e-02	1.079307e-02	-1.549361e-04
267           	4.134154e-01	1.968913e-01	2.165241e-01	7.099042e-02	1.907168e-01	-1.197263e-01	1.552216e-01	-9.816386e-03	5.510673e-03	1.026882e-02	1.064509e-02	-3.762604e-04
268           	4.134098e-01	1.969293e-01	2.164805e-01	7.085844e-02	1.905993e-01	-1.197409e-01	1.551701e-01	-9.775620e-03	5.550846e-03	9.959756e-03	1.053072e-02	-5.709676e-04
269           	4.135452e-01	1.970077e-01	2.165375e-01	7.077268e-02	1.905796e-01	-1.198069e-01	1.551932e-01	-9.764909e-03	5.582145e-03	9.766035e-03	1.046516e-02	-6.991280e-04
270           	4.137905e-01	1.971101e-01	2.166804e-01	7.062861e-02	1.905798e-01	-1.199512e-01	1.552655e-01	-9.785132e-03	5.605189e-03	9.695436e-03	1.045291e-02	-7.574708e-04
271           	4.141549e-01	1.972350e-01	2.169199e-01	7.055664e-02	1.906930e-01	-1.201364e-01	1.554147e-01	-9.842419e-03	5.619708e-03	9.770384e-03	1.050490e-02	-7.345163e-04
272           	4.145507e-01	1.973345e-01	2.172162e-01	7.045755e-02	1.908360e-01	-1.203784e-01	1.556072e-01	-9.940887e-03	5.629141e-03	9.985232e-03	1.062176e-02	-6.365254e-04
273           	4.150090e-01	1.973950e-01	2.176140e-01	7.040658e-02	1.910342e-01	-1.206276e-01	1.558309e-01	-1.010954e-02	5.614708e-03	1.043592e-02	1.083267e-02	-3.967499e-04
274           	4.153432e-01	1.973614e-01	2.179818e-01	7.033848e-02	1.911639e-01	-1.208254e-01	1.559947e-01	-1.031017e-02	5.596625e-03	1.100040e-02	1.109682e-02	-9.642501e-05
275           	4.156496e-01	1.972895e-01	2.183601e-01	7.035230e-02	1.913250e-01	-1.209727e-01	1.561488e-01	-1.053534e-02	5.557312e-03	1.167896e-02	1.139679e-02	2.821679e-04
276           	4.158337e-01	1.971412e-01	2.186924e-01	7.036476e-02	1.914167e-01	-1.210519e-01	1.562343e-01	-1.077559e-02	5.498605e-03	1.240458e-02	1.170090e-02	7.036863e-04
277           	4.159306e-01	1.969422e-01	2.189884e-01	7.045007e-02	1.914814e-01	-1.210313e-01	1.562563e-01	-1.102306e-02	5.413095e-03	1.316725e-02	1.199672e-02	1.170528e-03
278           	4.158889e-01	1.966652e-01	2.192237e-01	7.058963e-02	1.915142e-01	-1.209246e-01	1.562194e-01	-1.127927e-02	5.305499e-03	1.391216e-02	1.226158e-02	1.650579e-03
279           	4.158566e-01	1.963880e-01	2.194685e-01	7.082650e-02	1.915929e-01	-1.207664e-01	1.561797e-01	-1.154025e-02	5.150855e-03	1.464762e-02	1.247466e-02	2.172954e-03
280           	4.157636e-01	1.961165e-01	2.196471e-01	7.107622e-02	1.916574e-01	-1.205811e-01	1.561193e-01	-1.176528e-02	4.987826e-03	1.525141e-02	1.261353e-02	2.637880e-03
281           	4.157297e-01	1.959041e-01	2.198257e-01	7.139924e-02	1.917919e-01	-1.203926e-01	1.560923e-01	-1.196081e-02	4.799997e-03	1.577512e-02	1.268756e-02	3.087564e-03
282           	4.157788e-01	1.957760e-01	2.200028e-01	7.168238e-02	1.919654e-01	-1.202830e-01	1.561242e-01	-1.211337e-02	4.606191e-03	1.616733e-02	1.268986e-02	3.477474e-03
283           	4.158979e-01	1.957338e-01	2.201641e-01	7.195810e-02	1.921663e-01	-1.202082e-01	1.561872e-01	-1.221517e-02	4.412072e-03	1.643958e-02	1.263186e-02	3.807719e-03
284           	4.160769e-01	1.957557e-01	2.203212e-01	7.217281e-02	1.923809e-01	-1.202081e-01	1.562945e-01	-1.228279e-02	4.231295e-03	1.661673e-02	1.253966e-02	4.077072e-03
285           	4.163385e-01	1.958166e-01	2.205219e-01	7.239483e-02	1.926477e-01	-1.202529e-01	1.564503e-01	-1.235267e-02	4.043727e-03	1.681400e-02	1.245073e-02	4.363272e-03
286           	4.165736e-01	1.958984e-01	2.206751e-01	7.251360e-02	1.928440e-01	-1.203304e-01	1.565872e-01	-1.238836e-02	3.886841e-03	1.692006e-02	1.234687e-02	4.573188e-03
287           	4.168109e-01	1.960041e-01	2.208068e-01	7.261410e-02	1.930272e-01	-1.204131e-01	1.567202e-01	-1.240138e-02	3.751604e-03	1.699817e-02	1.225069e-02	4.747481e-03
288           	4.169995e-01	1.961107e-01	2.208888e-01	7.266777e-02	1.931770e-01	-1.205092e-01	1.568431e-01	-1.238906e-02	3.637614e-03	1.702701e-02	1.215112e-02	4.875892e-03
289           	4.171449e-01	1.962395e-01	2.209054e-01	7.270969e-02	1.932902e-01	-1.205805e-01	1.569353e-01	-1.233298e-02	3.550025e-03	1.698249e-02	1.204127e-02	4.941219e-03
290           	4.171792e-01	1.963644e-01	2.208148e-01	7.266815e-02	1.933100e-01	-1.206418e-01	1.569759e-01	-1.222520e-02	3.492487e-03	1.683469e-02	1.190983e-02	4.924859e-03
291           	4.171720e-01	1.964972e-01	2.206748e-01	7.265922e-02	1.933271e-01	-1.206679e-01	1.569975e-01	-1.208882e-02	3.434067e-03	1.665641e-02	1.176227e-02	4.894139e-03
292           	4.170684e-01	1.966362e-01	2.204322e-01	7.260072e-02	1.932843e-01	-1.206835e-01	1.569839e-01	-1.189802e-02	3.404197e-03	1.635809e-02	1.158324e-02	4.774848e-03
293           	4.169244e-01	1.967860e-01	2.201385e-01	7.256528e-02	1.932299e-01	-1.206646e-01	1.569473e-01	-1.167627e-02	3.371709e-03	1.601251e-02	1.137796e-02	4.634544e-03
294           	4.167500e-01	1.969281e-01	2.198218e-01	7.252212e-02	1.931739e-01	-1.206518e-01	1.569129e-01	-1.144684e-02	3.333985e-03	1.563990e-02	1.115393e-02	4.485965e-03
295           	4.165745e-01	1.970498e-01	2.195247e-01	7.253101e-02	1.931521e-01	-1.206211e-01	1.568866e-01	-1.123748e-02	3.283805e-03	1.529865e-02	1.093313e-02	4.365518e-03
296           	4.163405e-01	1.971275e-01	2.192130e-01	7.254365e-02	1.931187e-01	-1.205751e-01	1.568469e-01	-1.104277e-02	3.239961e-03	1.494543e-02	1.071268e-02	4.232755e-03
297           	4.161771e-01	1.971744e-01	2.190027e-01	7.262411e-02	1.931591e-01	-1.205350e-01	1.568470e-01	-1.091410e-02	3.183673e-03	1.470311e-02	1.053523e-02	4.167884e-03
298           	4.160513e-01	1.971896e-01	2.188617e-01	7.269753e-02	1.932228e-01	-1.205253e-01	1.568741e-01	-1.083604e-02	3.161612e-03	1.448738e-02	1.040530e-02	4.082077e-03
299           	4.160285e-01	1.971324e-01	2.188962e-01	7.279028e-02	1.933409e-01	-1.205506e-01	1.569457e-01	-1.088191e-02	3.151985e-03	1.448472e-02	1.039434e-02	4.090374e-03
300           	4.159462e-01	1.969641e-01	2.189821e-01	7.280117e-02	1.933287e-01	-1.205276e-01	1.569281e-01	-1.100904e-02	3.169113e-03	1.465509e-02	1.049666e-02	4.158434e-03
301           	4.158866e-01	1.967833e-01	2.191033e-01	7.282464e-02	1.933598e-01	-1.205352e-01	1.569475e-01	-1.116004e-02	3.230716e-03	1.490507e-02	1.068325e-02	4.221819e-03
302           	4.157915e-01	1.966656e-01	2.191260e-01	7.265762e-02	1.932219e-01	-1.205643e-01	1.568931e-01	-1.123022e-02	3.363806e-03	1.500074e-02	1.086417e-02	4.136562e-03
303           	4.157448e-01	1.966245e-01	2.191203e-01	7.259987e-02	1.931904e-01	-1.205905e-01	1.568905e-01	-1.124792e-02	3.542460e-03	1.497733e-02	1.103112e-02	3.946202e-03
304           	4.157628e-01	1.966404e-01	2.191225e-01	7.243559e-02	1.930845e-01	-1.206489e-01	1.568667e-01	-1.124105e-02	3.724637e-03	1.487873e-02	1.116400e-02	3.714729e-03
305           	4.158035e-01	1.967260e-01	2.190775e-01	7.227260e-02	1.929447e-01	-1.206721e-01	1.568084e-01	-1.117579e-02	3.904473e-03	1.464002e-02	1.122449e-02	3.415539e-03
306           	4.157496e-01	1.967630e-01	2.189865e-01	7.209288e-02	1.927354e-01	-1.206426e-01	1.566890e-01	-1.111176e-02	4.051732e-03	1.437900e-02	1.124123e-02	3.137770e-03
307           	4.156165e-01	1.967725e-01	2.188440e-01	7.198961e-02	1.925183e-01	-1.205287e-01	1.565235e-01	-1.103579e-02	4.157757e-03	1.409741e-02	1.120646e-02	2.890948e-03
308           	4.153850e-01	1.967014e-01	2.186836e-01	7.186600e-02	1.922360e-01	-1.203700e-01	1.563030e-01	-1.099107e-02	4.243142e-03	1.388946e-02	1.118787e-02	2.701587e-03
309           	4.151700e-01	1.966157e-01	2.185544e-01	7.182543e-02	1.919908e-01	-1.201654e-01	1.560781e-01	-1.096936e-02	4.286267e-03	1.376987e-02	1.117120e-02	2.598665e-03
310           	4.149725e-01	1.965481e-01	2.184244e-01	7.184814e-02	1.917956e-01	-1.199474e-01	1.558715e-01	-1.093812e-02	4.341583e-03	1.362897e-02	1.115607e-02	2.472901e-03
311           	4.148341e-01	1.965032e-01	2.183309e-01	7.197784e-02	1.916919e-01	-1.197141e-01	1.557030e-01	-1.091385e-02	4.399253e-03	1.352425e-02	1.116138e-02	2.362873e-03
312           	4.147402e-01	1.964374e-01	2.183028e-01	7.213113e-02	1.916513e-01	-1.195202e-01	1.555858e-01	-1.093274e-02	4.484944e-03	1.349188e-02	1.123088e-02	2.260994e-03
313           	4.146701e-01	1.963274e-01	2.183427e-01	7.231011e-02	1.916519e-01	-1.193418e-01	1.554968e-01	-1.100765e-02	4.596816e-03	1.358582e-02	1.138973e-02	2.196095e-03
314           	4.146203e-01	1.961749e-01	2.184455e-01	7.241643e-02	1.916746e-01	-1.192582e-01	1.554664e-01	-1.113528e-02	4.747040e-03	1.376626e-02	1.163017e-02	2.136088e-03
315           	4.146743e-01	1.960164e-01	2.186579e-01	7.244196e-02	1.917103e-01	-1.192683e-01	1.554893e-01	-1.132073e-02	4.886477e-03	1.408255e-02	1.192775e-02	2.154798e-03
316           	4.147594e-01	1.958578e-01	2.189016e-01	7.233120e-02	1.917084e-01	-1.193772e-01	1.555428e-01	-1.152192e-02	5.045599e-03	1.441441e-02	1.225280e-02	2.161604e-03
317           	4.149223e-01	1.957387e-01	2.191836e-01	7.215649e-02	1.916998e-01	-1.195433e-01	1.556215e-01	-1.172246e-02	5.188891e-03	1.476730e-02	1.257254e-02	2.194758e-03
318           	4.151022e-01	1.956584e-01	2.194437e-01	7.187242e-02	1.916333e-01	-1.197609e-01	1.556971e-01	-1.189265e-02	5.314765e-03	1.506123e-02	1.284538e-02	2.215851e-03
319           	4.152850e-01	1.956253e-01	2.196597e-01	7.162552e-02	1.915591e-01	-1.199336e-01	1.557464e-01	-1.201717e-02	5.413676e-03	1.529780e-02	1.306258e-02	2.235223e-03
320           	4.154661e-01	1.956459e-01	2.198202e-01	7.138292e-02	1.914709e-01	-1.200880e-01	1.557795e-01	-1.208715e-02	5.504929e-03	1.540921e-02	1.320953e-02	2.199677e-03
321           	4.155993e-01	1.956657e-01	2.199336e-01	7.127286e-02	1.914059e-01	-1.201331e-01	1.557695e-01	-1.213391e-02	5.546992e-03	1.549621e-02	1.329510e-02	2.201113e-03
322           	4.157679e-01	1.957695e-01	2.199984e-01	7.121079e-02	1.913623e-01	-1.201515e-01	1.557569e-01	-1.211444e-02	5.586295e-03	1.542578e-02	1.329919e-02	2.126597e-03
323           	4.158836e-01	1.959152e-01	2.199684e-01	7.129639e-02	1.913721e-01	-1.200757e-01	1.557239e-01	-1.202659e-02	5.600299e-03	1.520954e-02	1.320507e-02	2.004470e-03
324           	4.160679e-01	1.961521e-01	2.199158e-01	7.141038e-02	1.914346e-01	-1.200242e-01	1.557294e-01	-1.188184e-02	5.612595e-03	1.483881e-02	1.303200e-02	1.806809e-03
325           	4.162330e-01	1.964102e-01	2.198228e-01	7.161552e-02	1.915537e-01	-1.199382e-01	1.557459e-01	-1.170632e-02	5.600189e-03	1.440277e-02	1.280157e-02	1.601195e-03
326           	4.164533e-01	1.967091e-01	2.197443e-01	7.181734e-02	1.917269e-01	-1.199096e-01	1.558183e-01	-1.151761e-02	5.594567e-03	1.389748e-02	1.254331e-02	1.354175e-03
327           	4.167178e-01	1.970313e-01	2.196865e-01	7.202064e-02	1.919564e-01	-1.199358e-01	1.559461e-01	-1.132757e-02	5.579391e-03	1.338662e-02	1.227270e-02	1.113917e-03
328           	4.169416e-01	1.973227e-01	2.196188e-01	7.216853e-02	1.921683e-01	-1.199998e-01	1.560840e-01	-1.114805e-02	5.562596e-03	1.288908e-02	1.200714e-02	8.819440e-04
329           	4.172358e-01	1.976195e-01	2.196163e-01	7.227225e-02	1.924177e-01	-1.201454e-01	1.562816e-01	-1.099841e-02	5.524731e-03	1.248220e-02	1.176583e-02	7.163690e-04
330           	4.174512e-01	1.978743e-01	2.195769e-01	7.232739e-02	1.926292e-01	-1.203018e-01	1.564655e-01	-1.085129e-02	5.481845e-03	1.208233e-02	1.152301e-02	5.593181e-04
331           	4.176418e-01	1.981347e-01	2.195071e-01	7.238061e-02	1.928355e-01	-1.204549e-01	1.566452e-01	-1.068620e-02	5.429910e-03	1.167638e-02	1.126810e-02	4.082828e-04
332           	4.177581e-01	1.983701e-01	2.193880e-01	7.242120e-02	1.930018e-01	-1.205806e-01	1.567912e-01	-1.050896e-02	5.371575e-03	1.125504e-02	1.099910e-02	2.559476e-04
333           	4.178097e-01	1.985900e-01	2.192198e-01	7.248361e-02	1.931374e-01	-1.206538e-01	1.568956e-01	-1.031491e-02	5.309811e-03	1.083624e-02	1.072793e-02	1.083110e-04
334           	4.177855e-01	1.987803e-01	2.190052e-01	7.251110e-02	1.932119e-01	-1.207008e-01	1.569564e-01	-1.011245e-02	5.257239e-03	1.041109e-02	1.046278e-02	-5.169457e-05
335           	4.177411e-01	1.989531e-01	2.187881e-01	7.254104e-02	1.932637e-01	-1.207227e-01	1.569932e-01	-9.917506e-03	5.196543e-03	1.003310e-02	1.021309e-02	-1.799950e-04
336           	4.176246e-01	1.991049e-01	2.185197e-01	7.253564e-02	1.932642e-01	-1.207286e-01	1.569964e-01	-9.707417e-03	5.160610e-03	9.632797e-03	9.977009e-03	-3.442120e-04
337           	4.174964e-01	1.992360e-01	2.182604e-01	7.253273e-02	1.932589e-01	-1.207261e-01	1.569925e-01	-9.512198e-03	5.124310e-03	9.295759e-03	9.772190e-03	-4.764309e-04
338           	4.173421e-01	1.993291e-01	2.180130e-01	7.249471e-02	1.932246e-01	-1.207299e-01	1.569772e-01	-9.341931e-03	5.099545e-03	9.009418e-03	9.604254e-03	-5.948353e-04
339           	4.171952e-01	1.993906e-01	2.178046e-01	7.248071e-02	1.932074e-01	-1.207267e-01	1.569671e-01	-9.206987e-03	5.081578e-03	8.798198e-03	9.480677e-03	-6.824789e-04
340           	4.170072e-01	1.993881e-01	2.176191e-01	7.246819e-02	1.931842e-01	-1.207160e-01	1.569501e-01	-9.115495e-03	5.077430e-03	8.654102e-03	9.404481e-03	-7.503794e-04
341           	4.168377e-01	1.993055e-01	2.175322e-01	7.250651e-02	1.932026e-01	-1.206961e-01	1.569494e-01	-9.113346e-03	5.049503e-03	8.691880e-03	9.395443e-03	-7.035635e-04
342           	4.166609e-01	1.991551e-01	2.175058e-01	7.253595e-02	1.932302e-01	-1.206943e-01	1.569622e-01	-9.175310e-03	5.039892e-03	8.816083e-03	9.447933e-03	-6.318501e-04
343           	4.165204e-01	1.989278e-01	2.175926e-01	7.258491e-02	1.932860e-01	-1.207011e-01	1.569936e-01	-9.332370e-03	5.014575e-03	9.122894e-03	9.576023e-03	-4.531283e-04
344           	4.163273e-01	1.985386e-01	2.177887e-01	7.254542e-02	1.932712e-01	-1.207257e-01	1.569984e-01	-9.625049e-03	4.942585e-03	9.730946e-03	9.808058e-03	-7.711140e-05
345           	4.160779e-01	1.981093e-01	2.179686e-01	7.246869e-02	1.931898e-01	-1.207212e-01	1.569555e-01	-9.929656e-03	4.862323e-03	1.042131e-02	1.007298e-02	3.483315e-04
346           	4.158194e-01	1.978379e-01	2.179815e-01	7.234838e-02	1.930845e-01	-1.207361e-01	1.569103e-01	-1.007177e-02	4.862051e-03	1.076396e-02	1.024403e-02	5.199305e-04
347           	4.157060e-01	1.977969e-01	2.179091e-01	7.218279e-02	1.929893e-01	-1.208065e-01	1.568979e-01	-1.005613e-02	4.894781e-03	1.078448e-02	1.028702e-02	4.974577e-04
348           	4.156993e-01	1.978981e-01	2.178012e-01	7.197666e-02	1.928947e-01	-1.209180e-01	1.569063e-01	-9.951537e-03	4.959721e-03	1.060188e-02	1.026066e-02	3.412179e-04
349           	4.157378e-01	1.980211e-01	2.177168e-01	7.178297e-02	1.927777e-01	-1.209947e-01	1.568862e-01	-9.847867e-03	4.994158e-03	1.041793e-02	1.020312e-02	2.148081e-04
350           	4.157351e-01	1.981132e-01	2.176219e-01	7.156163e-02	1.926018e-01	-1.210402e-01	1.568210e-01	-9.754355e-03	5.005657e-03	1.022131e-02	1.011631e-02	1.049959e-04
351           	4.156236e-01	1.981331e-01	2.174905e-01	7.140619e-02	1.923824e-01	-1.209762e-01	1.566793e-01	-9.678712e-03	4.982931e-03	1.007554e-02	1.002070e-02	5.483757e-05
352           	4.153956e-01	1.980751e-01	2.173205e-01	7.123940e-02	1.921021e-01	-1.208627e-01	1.564824e-01	-9.622702e-03	4.955806e-03	9.988141e-03	9.949876e-03	3.826464e-05
353           	4.151203e-01	1.979582e-01	2.171621e-01	7.116973e-02	1.918506e-01	-1.206809e-01	1.562657e-01	-9.601957e-03	4.920551e-03	1.000045e-02	9.920774e-03	7.967222e-05
354           	4.148485e-01	1.978257e-01	2.170228e-01	7.115818e-02	1.916594e-01	-1.205012e-01	1.560803e-01	-9.598509e-03	4.917047e-03	1.003799e-02	9.936042e-03	1.019485e-04
355           	4.146282e-01	1.977018e-01	2.169264e-01	7.122689e-02	1.915379e-01	-1.203110e-01	1.559244e-01	-9.612287e-03	4.924837e-03	1.009877e-02	9.974220e-03	1.245454e-04
356           	4.144903e-01	1.975709e-01	2.169194e-01	7.126016e-02	1.914609e-01	-1.202007e-01	1.558308e-01	-9.674253e-03	4.959190e-03	1.021466e-02	1.006652e-02	1.481405e-04
357           	4.144038e-01	1.974176e-01	2.169862e-01	7.134308e-02	1.914516e-01	-1.201085e-01	1.557801e-01	-9.784303e-03	5.006732e-03	1.040110e-02	1.020728e-02	1.938164e-04
358           	4.144499e-01	1.972636e-01	2.171863e-01	7.135282e-02	1.914952e-01	-1.201424e-01	1.558188e-01	-9.961324e-03	5.084359e-03	1.069263e-02	1.043067e-02	2.619553e-04
359           	4.146384e-01	1.971241e-01	2.175143e-01	7.131408e-02	1.915718e-01	-1.202577e-01	1.559147e-01	-1.019512e-02	5.159547e-03	1.109265e-02	1.070587e-02	3.867773e-04
360           	4.148828e-01	1.969734e-01	2.179094e-01	7.115507e-02	1.916159e-01	-1.204608e-01	1.560383e-01	-1.046800e-02	5.253947e-03	1.155250e-02	1.103020e-02	5.223010e-04
361           	4.151190e-01	1.968182e-01	2.183008e-01	7.099236e-02	1.916466e-01	-1.206542e-01	1.561504e-01	-1.074129e-02	5.341857e-03	1.202473e-02	1.135422e-02	6.705097e-04
362           	4.154129e-01	1.966808e-01	2.187322e-01	7.077843e-02	1.916766e-01	-1.208982e-01	1.562874e-01	-1.102568e-02	5.425954e-03	1.251786e-02	1.168488e-02	8.329742e-04
363           	4.156701e-01	1.965560e-01	2.191141e-01	7.065238e-02	1.917120e-01	-1.210597e-01	1.563858e-01	-1.127904e-02	5.508746e-03	1.295683e-02	1.198716e-02	9.696675e-04
364           	4.159068e-01	1.964585e-01	2.194483e-01	7.055043e-02	1.917293e-01	-1.211789e-01	1.564541e-01	-1.149492e-02	5.591039e-03	1.333929e-02	1.226069e-02	1.078608e-03
365           	4.161501e-01	1.964120e-01	2.197381e-01	7.055582e-02	1.917716e-01	-1.212158e-01	1.564937e-01	-1.166308e-02	5.644537e-03	1.364599e-02	1.246753e-02	1.178456e-03
366           	4.163199e-01	1.963878e-01	2.199322e-01	7.061128e-02	1.917832e-01	-1.211720e-01	1.564776e-01	-1.177219e-02	5.689782e-03	1.383150e-02	1.260553e-02	1.225966e-03
367           	4.164888e-01	1.964304e-01	2.200584e-01	7.073243e-02	1.918050e-01	-1.210726e-01	1.564388e-01	-1.181398e-02	5.704849e-03	1.387805e-02	1.264388e-02	1.234177e-03
368           	4.166236e-01	1.964776e-01	2.201460e-01	7.083328e-02	1.917963e-01	-1.209630e-01	1.563796e-01	-1.183419e-02	5.686123e-03	1.386960e-02	1.262092e-02	1.248678e-03
369           	4.167686e-01	1.965750e-01	2.201936e-01	7.099682e-02	1.918288e-01	-1.208320e-01	1.563304e-01	-1.180931e-02	5.636267e-03	1.375943e-02	1.251598e-02	1.243449e-03
370           	4.168716e-01	1.966780e-01	2.201937e-01	7.115414e-02	1.918641e-01	-1.207099e-01	1.562870e-01	-1.175784e-02	5.571932e-03	1.357695e-02	1.236041e-02	1.216546e-03
371           	4.170738e-01	1.968421e-01	2.202317e-01	7.130356e-02	1.919543e-01	-1.206507e-01	1.563025e-01	-1.169476e-02	5.484120e-03	1.337552e-02	1.217188e-02	1.203641e-03
372           	4.172263e-01	1.969963e-01	2.202299e-01	7.143558e-02	1.920609e-01	-1.206253e-01	1.563431e-01	-1.161678e-02	5.407322e-03	1.311744e-02	1.196604e-02	1.151398e-03
373           	4.174541e-01	1.971972e-01	2.202568e-01	7.155697e-02	1.922127e-01	-1.206558e-01	1.564343e-01	-1.152980e-02	5.345825e-03	1.285196e-02	1.177181e-02	1.080157e-03
374           	4.176169e-01	1.973652e-01	2.202517e-01	7.163815e-02	1.923651e-01	-1.207270e-01	1.565461e-01	-1.144322e-02	5.293629e-03	1.257664e-02	1.158195e-02	9.946911e-04
375           	4.177958e-01	1.975496e-01	2.202462e-01	7.171315e-02	1.925369e-01	-1.208237e-01	1.566803e-01	-1.134828e-02	5.243767e-03	1.231132e-02	1.139942e-02	9.118912e-04
376           	4.179128e-01	1.977041e-01	2.202087e-01	7.171726e-02	1.926485e-01	-1.209312e-01	1.567898e-01	-1.125231e-02	5.197517e-03	1.204974e-02	1.122239e-02	8.273539e-04
377           	4.179872e-01	1.978475e-01	2.201397e-01	7.176018e-02	1.927515e-01	-1.209913e-01	1.568714e-01	-1.114614e-02	5.142652e-03	1.179539e-02	1.104035e-02	7.550413e-04
378           	4.179842e-01	1.979675e-01	2.200167e-01	7.180157e-02	1.928088e-01	-1.210073e-01	1.569080e-01	-1.102462e-02	5.073093e-03	1.152169e-02	1.083394e-02	6.877525e-04
379           	4.179577e-01	1.981007e-01	2.198569e-01	7.191854e-02	1.928757e-01	-1.209571e-01	1.569164e-01	-1.087808e-02	4.994961e-03	1.122444e-02	1.060718e-02	6.172609e-04
380           	4.178906e-01	1.982492e-01	2.196414e-01	7.204602e-02	1.929224e-01	-1.208763e-01	1.568994e-01	-1.069610e-02	4.926578e-03	1.086295e-02	1.035805e-02	5.048954e-04
381           	4.177869e-01	1.983835e-01	2.194034e-01	7.225185e-02	1.929861e-01	-1.207342e-01	1.568601e-01	-1.050991e-02	4.832550e-03	1.053428e-02	1.009969e-02	4.345878e-04
382           	4.176377e-01	1.985120e-01	2.191257e-01	7.245909e-02	1.930450e-01	-1.205860e-01	1.568155e-01	-1.030687e-02	4.749965e-03	1.016723e-02	9.833582e-03	3.336517e-04
383           	4.174883e-01	1.986560e-01	2.188323e-01	7.270123e-02	1.931177e-01	-1.204164e-01	1.567671e-01	-1.008813e-02	4.653880e-03	9.789592e-03	9.548676e-03	2.409157e-04
384           	4.173301e-01	1.987819e-01	2.185482e-01	7.288157e-02	1.931639e-01	-1.202823e-01	1.567231e-01	-9.883122e-03	4.549788e-03	9.434811e-03	9.267193e-03	1.676177e-04
385           	4.171792e-01	1.989146e-01	2.182646e-01	7.310582e-02	1.932589e-01	-1.201530e-01	1.567060e-01	-9.675005e-03	4.439901e-03	9.077978e-03	8.978890e-03	9.908807e-05
386           	4.170695e-01	1.990490e-01	2.180205e-01	7.326658e-02	1.933772e-01	-1.201106e-01	1.567439e-01	-9.485729e-03	4.345395e-03	8.757123e-03	8.723956e-03	3.316653e-05
387           	4.170458e-01	1.991894e-01	2.178563e-01	7.342501e-02	1.935549e-01	-1.201298e-01	1.568424e-01	-9.333435e-03	4.261538e-03	8.521641e-03	8.522358e-03	-7.168229e-07
388           	4.170710e-01	1.993160e-01	2.177551e-01	7.352367e-02	1.937559e-01	-1.202322e-01	1.569940e-01	-9.219558e-03	4.227710e-03	8.356352e-03	8.405886e-03	-4.953390e-05
389           	4.171122e-01	1.993858e-01	2.177264e-01	7.362862e-02	1.939792e-01	-1.203505e-01	1.571649e-01	-9.170287e-03	4.212843e-03	8.325056e-03	8.375371e-03	-5.031533e-05
390           	4.171952e-01	1.993850e-01	2.178102e-01	7.363302e-02	1.941772e-01	-1.205442e-01	1.573607e-01	-9.212563e-03	4.219912e-03	8.466822e-03	8.453323e-03	1.349932e-05
391           	4.172741e-01	1.992868e-01	2.179873e-01	7.362368e-02	1.943551e-01	-1.207314e-01	1.575433e-01	-9.350230e-03	4.223767e-03	8.789240e-03	8.618387e-03	1.708530e-04
392           	4.172651e-01	1.990678e-01	2.181973e-01	7.350308e-02	1.944022e-01	-1.208991e-01	1.576507e-01	-9.564755e-03	4.195738e-03	9.290609e-03	8.841042e-03	4.495665e-04
393           	4.171254e-01	1.987692e-01	2.183562e-01	7.339460e-02	1.943463e-01	-1.209517e-01	1.576490e-01	-9.793504e-03	4.114226e-03	9.888762e-03	9.058607e-03	8.301552e-04
394           	4.168679e-01	1.985269e-01	2.183410e-01	7.328167e-02	1.942186e-01	-1.209370e-01	1.575778e-01	-9.907088e-03	4.041194e-03	1.026529e-02	9.173838e-03	1.091449e-03
395           	4.166685e-01	1.985326e-01	2.181359e-01	7.319150e-02	1.940764e-01	-1.208849e-01	1.574807e-01	-9.801657e-03	3.971097e-03	1.016758e-02	9.054888e-03	1.112694e-03
396           	4.165746e-01	1.987339e-01	2.178407e-01	7.311351e-02	1.939517e-01	-1.208382e-01	1.573950e-01	-9.553439e-03	3.892205e-03	9.711058e-03	8.747734e-03	9.633243e-04
397           	4.165300e-01	1.990169e-01	2.175131e-01	7.311711e-02	1.938747e-01	-1.207575e-01	1.573161e-01	-9.248145e-03	3.798698e-03	9.097793e-03	8.347594e-03	7.501988e-04
398           	4.164396e-01	1.992401e-01	2.171995e-01	7.310852e-02	1.937635e-01	-1.206550e-01	1.572092e-01	-8.979693e-03	3.682297e-03	8.541233e-03	7.952914e-03	5.883194e-04
399           	4.162204e-01	1.993254e-01	2.168950e-01	7.315779e-02	1.936240e-01	-1.204662e-01	1.570451e-01	-8.784833e-03	3.524887e-03	8.133206e-03	7.591490e-03	5.417161e-04
400           	4.158330e-01	1.992337e-01	2.165993e-01	7.318063e-02	1.934156e-01	-1.202350e-01	1.568253e-01	-8.682765e-03	3.413721e-03	7.913756e-03	7.370599e-03	5.431572e-04
401           	4.153747e-01	1.989920e-01	2.163827e-01	7.321129e-02	1.931965e-01	-1.199852e-01	1.565908e-01	-8.695382e-03	3.359402e-03	7.952458e-03	7.335631e-03	6.168266e-04
402           	4.149085e-01	1.986629e-01	2.162456e-01	7.320762e-02	1.929930e-01	-1.197853e-01	1.563892e-01	-8.791355e-03	3.379192e-03	8.160676e-03	7.459530e-03	7.011461e-04
403           	4.145190e-01	1.983013e-01	2.162177e-01	7.318105e-02	1.928188e-01	-1.196378e-01	1.562283e-01	-8.958182e-03	3.467943e-03	8.501506e-03	7.718695e-03	7.828101e-04
404           	4.142061e-01	1.979130e-01	2.162931e-01	7.307986e-02	1.926593e-01	-1.195794e-01	1.561193e-01	-9.190052e-03	3.644489e-03	8.928214e-03	8.108597e-03	8.196177e-04
405           	4.140548e-01	1.975332e-01	2.165216e-01	7.301343e-02	1.926112e-01	-1.195978e-01	1.561045e-01	-9.494188e-03	3.858038e-03	9.464935e-03	8.590506e-03	8.744295e-04
406           	4.140066e-01	1.971640e-01	2.168426e-01	7.286572e-02	1.925667e-01	-1.197010e-01	1.561339e-01	-9.839292e-03	4.095265e-03	1.005304e-02	9.121783e-03	9.312522e-04
407           	4.140737e-01	1.968804e-01	2.171933e-01	7.275373e-02	1.925604e-01	-1.198067e-01	1.561835e-01	-1.015643e-02	4.329002e-03	1.057960e-02	9.618800e-03	9.607959e-04
408           	4.142091e-01	1.966647e-01	2.175444e-01	7.261808e-02	1.925620e-01	-1.199439e-01	1.562530e-01	-1.043987e-02	4.549045e-03	1.103615e-02	1.006712e-02	9.690313e-04
409           	4.143325e-01	1.965082e-01	2.178243e-01	7.255917e-02	1.925612e-01	-1.200020e-01	1.562816e-01	-1.065805e-02	4.729542e-03	1.137762e-02	1.041835e-02	9.592699e-04
410           	4.144960e-01	1.964504e-01	2.180456e-01	7.252889e-02	1.925855e-01	-1.200566e-01	1.563210e-01	-1.079763e-02	4.874560e-03	1.153765e-02	1.064338e-02	8.942634e-04
411           	4.146675e-01	1.964830e-01	2.181845e-01	7.259582e-02	1.926215e-01	-1.200257e-01	1.563236e-01	-1.085073e-02	4.973099e-03	1.151552e-02	1.073086e-02	7.846613e-04
412           	4.148238e-01	1.965324e-01	2.182914e-01	7.267766e-02	1.926549e-01	-1.199772e-01	1.563160e-01	-1.087952e-02	5.049317e-03	1.145494e-02	1.077679e-02	6.781510e-04
413           	4.150075e-01	1.966329e-01	2.183747e-01	7.284601e-02	1.927311e-01	-1.198851e-01	1.563081e-01	-1.087091e-02	5.098920e-03	1.134442e-02	1.077113e-02	5.732892e-04
414           	4.152362e-01	1.967480e-01	2.184882e-01	7.296330e-02	1.928117e-01	-1.198484e-01	1.563300e-01	-1.087013e-02	5.142945e-03	1.125729e-02	1.077159e-02	4.857007e-04
415           	4.154386e-01	1.968274e-01	2.186112e-01	7.308921e-02	1.928709e-01	-1.197817e-01	1.563263e-01	-1.089189e-02	5.165782e-03	1.123078e-02	1.078117e-02	4.496072e-04
416           	4.156005e-01	1.968463e-01	2.187542e-01	7.311038e-02	1.928690e-01	-1.197586e-01	1.563138e-01	-1.095398e-02	5.202870e-03	1.130079e-02	1.085327e-02	4.475249e-04
417           	4.157632e-01	1.968421e-01	2.189211e-01	7.310394e-02	1.928442e-01	-1.197402e-01	1.562922e-01	-1.103950e-02	5.227221e-03	1.143442e-02	1.094443e-02	4.899891e-04
418           	4.159017e-01	1.968327e-01	2.190690e-01	7.299639e-02	1.927838e-01	-1.197874e-01	1.562856e-01	-1.111818e-02	5.267888e-03	1.158131e-02	1.105854e-02	5.227651e-04
419           	4.160342e-01	1.968556e-01	2.191786e-01	7.284161e-02	1.926932e-01	-1.198516e-01	1.562724e-01	-1.116148e-02	5.298549e-03	1.168510e-02	1.114110e-02	5.439998e-04
420           	4.161742e-01	1.969155e-01	2.192588e-01	7.259794e-02	1.925888e-01	-1.199909e-01	1.562898e-01	-1.117166e-02	5.314051e-03	1.173348e-02	1.118079e-02	5.526889e-04
421           	4.163048e-01	1.970422e-01	2.192627e-01	7.234139e-02	1.924721e-01	-1.201307e-01	1.563014e-01	-1.111027e-02	5.299733e-03	1.163257e-02	1.111602e-02	5.165500e-04
422           	4.163991e-01	1.972280e-01	2.191711e-01	7.206955e-02	1.923524e-01	-1.202828e-01	1.563176e-01	-1.097156e-02	5.270314e-03	1.136331e-02	1.095197e-02	4.113387e-04
423           	4.165262e-01	1.974736e-01	2.190526e-01	7.183270e-02	1.922577e-01	-1.204250e-01	1.563413e-01	-1.078948e-02	5.205509e-03	1.099686e-02	1.070394e-02	2.929199e-04
424           	4.166212e-01	1.977338e-01	2.188874e-01	7.162652e-02	1.921715e-01	-1.205450e-01	1.563583e-01	-1.057684e-02	5.145208e-03	1.055783e-02	1.042412e-02	1.337092e-04
425           	4.167169e-01	1.980134e-01	2.187035e-01	7.150756e-02	1.921248e-01	-1.206173e-01	1.563710e-01	-1.034505e-02	5.093422e-03	1.006787e-02	1.012736e-02	-5.948611e-05
426           	4.168602e-01	1.982916e-01	2.185686e-01	7.146648e-02	1.921647e-01	-1.206982e-01	1.564314e-01	-1.013850e-02	5.057698e-03	9.614041e-03	9.864719e-03	-2.506774e-04
427           	4.169605e-01	1.985264e-01	2.184341e-01	7.150725e-02	1.922286e-01	-1.207214e-01	1.564750e-01	-9.953836e-03	5.038920e-03	9.201594e-03	9.639717e-03	-4.381232e-04
428           	4.170835e-01	1.987462e-01	2.183373e-01	7.158720e-02	1.923391e-01	-1.207519e-01	1.565455e-01	-9.795576e-03	5.055206e-03	8.828335e-03	9.469373e-03	-6.410382e-04
429           	4.171953e-01	1.989188e-01	2.182765e-01	7.171983e-02	1.924634e-01	-1.207436e-01	1.566035e-01	-9.678831e-03	5.059993e-03	8.545747e-03	9.332866e-03	-7.871194e-04
430           	4.172779e-01	1.990742e-01	2.182036e-01	7.186364e-02	1.925896e-01	-1.207259e-01	1.566578e-01	-9.564707e-03	5.064592e-03	8.243103e-03	9.186144e-03	-9.430404e-04
431           	4.173330e-01	1.992141e-01	2.181190e-01	7.204622e-02	1.927080e-01	-1.206618e-01	1.566849e-01	-9.452444e-03	5.038335e-03	7.958707e-03	9.017688e-03	-1.058981e-03
432           	4.173815e-01	1.993320e-01	2.180495e-01	7.219619e-02	1.928019e-01	-1.206057e-01	1.567038e-01	-9.358739e-03	4.974873e-03	7.727958e-03	8.838852e-03	-1.110894e-03
433           	4.173840e-01	1.994514e-01	2.179326e-01	7.238065e-02	1.928780e-01	-1.204973e-01	1.566877e-01	-9.240623e-03	4.873425e-03	7.476346e-03	8.611598e-03	-1.135252e-03
434           	4.173461e-01	1.995638e-01	2.177823e-01	7.253951e-02	1.929416e-01	-1.204021e-01	1.566719e-01	-9.109234e-03	4.745966e-03	7.223406e-03	8.357669e-03	-1.134263e-03
435           	4.173030e-01	1.996778e-01	2.176252e-01	7.267148e-02	1.929868e-01	-1.203153e-01	1.566510e-01	-8.973711e-03	4.597493e-03	7.006073e-03	8.100530e-03	-1.094457e-03
436           	4.172260e-01	1.997968e-01	2.174292e-01	7.273366e-02	1.930065e-01	-1.202729e-01	1.566397e-01	-8.816205e-03	4.481405e-03	6.752078e-03	7.857444e-03	-1.105366e-03
437           	4.171362e-01	1.999104e-01	2.172258e-01	7.278675e-02	1.930431e-01	-1.202563e-01	1.566497e-01	-8.657672e-03	4.392258e-03	6.542121e-03	7.663319e-03	-1.121197e-03
438           	4.170922e-01	2.000345e-01	2.170577e-01	7.278401e-02	1.931151e-01	-1.203311e-01	1.567231e-01	-8.511604e-03	4.338217e-03	6.367933e-03	7.522184e-03	-1.154251e-03
439           	4.170635e-01	2.001478e-01	2.169157e-01	7.276457e-02	1.931906e-01	-1.204260e-01	1.568083e-01	-8.383934e-03	4.327307e-03	6.275010e-03	7.464812e-03	-1.189802e-03
440           	4.170760e-01	2.002532e-01	2.168228e-01	7.272648e-02	1.932967e-01	-1.205703e-01	1.569335e-01	-8.284826e-03	4.355601e-03	6.245554e-03	7.478378e-03	-1.232824e-03
441           	4.171191e-01	2.003465e-01	2.167726e-01	7.271699e-02	1.934265e-01	-1.207095e-01	1.570680e-01	-8.213044e-03	4.386262e-03	6.293987e-03	7.533255e-03	-1.239268e-03
442           	4.171911e-01	2.004729e-01	2.167182e-01	7.272982e-02	1.935860e-01	-1.208562e-01	1.572211e-01	-8.122620e-03	4.429600e-03	6.259730e-03	7.559465e-03	-1.299735e-03
443           	4.172171e-01	2.005850e-01	2.166322e-01	7.276581e-02	1.937038e-01	-1.209380e-01	1.573209e-01	-8.023587e-03	4.450556e-03	6.203485e-03	7.552298e-03	-1.348813e-03
444           	4.172146e-01	2.006639e-01	2.165507e-01	7.282920e-02	1.938197e-01	-1.209905e-01	1.574051e-01	-7.943427e-03	4.433932e-03	6.146675e-03	7.507269e-03	-1.360594e-03
445           	4.171743e-01	2.007174e-01	2.164570e-01	7.290899e-02	1.938808e-01	-1.209718e-01	1.574263e-01	-7.869796e-03	4.382239e-03	6.083707e-03	7.424092e-03	-1.340385e-03
446           	4.171286e-01	2.007592e-01	2.163694e-01	7.299135e-02	1.939302e-01	-1.209388e-01	1.574345e-01	-7.805113e-03	4.305079e-03	5.966941e-03	7.288549e-03	-1.321608e-03
447           	4.170498e-01	2.007013e-01	2.163486e-01	7.302765e-02	1.938774e-01	-1.208497e-01	1.573635e-01	-7.823660e-03	4.159570e-03	6.017867e-03	7.168503e-03	-1.150637e-03
448           	4.168086e-01	2.004970e-01	2.163116e-01	7.307640e-02	1.937917e-01	-1.207153e-01	1.572535e-01	-7.907271e-03	4.010936e-03	6.213113e-03	7.117493e-03	-9.043796e-04
449           	4.164890e-01	2.002686e-01	2.162204e-01	7.304756e-02	1.935957e-01	-1.205481e-01	1.570719e-01	-7.975874e-03	3.883588e-03	6.446107e-03	7.106642e-03	-6.605345e-04
450           	4.162177e-01	2.001774e-01	2.160403e-01	7.292297e-02	1.933904e-01	-1.204674e-01	1.569289e-01	-7.931483e-03	3.849164e-03	6.434587e-03	7.066458e-03	-6.318710e-04
451           	4.160143e-01	2.002007e-01	2.158135e-01	7.276384e-02	1.931942e-01	-1.204303e-01	1.568122e-01	-7.806387e-03	3.879356e-03	6.226213e-03	6.992462e-03	-7.662498e-04
452           	4.158644e-01	2.002264e-01	2.156380e-01	7.253996e-02	1.930007e-01	-1.204607e-01	1.567307e-01	-7.705821e-03	3.953348e-03	6.028820e-03	6.967758e-03	-9.389381e-04
453           	4.157464e-01	2.002096e-01	2.155368e-01	7.232203e-02	1.928233e-01	-1.205013e-01	1.566623e-01	-7.663612e-03	4.031103e-03	5.930111e-03	6.996159e-03	-1.066048e-03
454           	4.155506e-01	2.000695e-01	2.154811e-01	7.209323e-02	1.926209e-01	-1.205276e-01	1.565742e-01	-7.705811e-03	4.133766e-03	5.961777e-03	7.114655e-03	-1.152878e-03
455           	4.153032e-01	1.998037e-01	2.154994e-01	7.187628e-02	1.923885e-01	-1.205122e-01	1.564504e-01	-7.847850e-03	4.217792e-03	6.196981e-03	7.316282e-03	-1.119302e-03
456           	4.150152e-01	1.994397e-01	2.155754e-01	7.165063e-02	1.921408e-01	-1.204901e-01	1.563154e-01	-8.067867e-03	4.291376e-03	6.561918e-03	7.572335e-03	-1.010417e-03
457           	4.147441e-01	1.990347e-01	2.157094e-01	7.146808e-02	1.919010e-01	-1.204329e-01	1.561669e-01	-8.337333e-03	4.347120e-03	7.026786e-03	7.860514e-03	-8.337271e-04
458           	4.145233e-01	1.986505e-01	2.158727e-01	7.134864e-02	1.917376e-01	-1.203890e-01	1.560633e-01	-8.611114e-03	4.418213e-03	7.459209e-03	8.147817e-03	-6.886082e-04
459           	4.143906e-01	1.982876e-01	2.161030e-01	7.124466e-02	1.915825e-01	-1.203378e-01	1.559602e-01	-8.907699e-03	4.457810e-03	7.946347e-03	8.430984e-03	-4.846368e-04
460           	4.143119e-01	1.979671e-01	2.163448e-01	7.128102e-02	1.915755e-01	-1.202944e-01	1.559350e-01	-9.188885e-03	4.534930e-03	8.360147e-03	8.715003e-03	-3.548562e-04
461           	4.143880e-01	1.977188e-01	2.166691e-01	7.135655e-02	1.916476e-01	-1.202910e-01	1.559693e-01	-9.475135e-03	4.599643e-03	8.798200e-03	8.998743e-03	-2.005437e-04
462           	4.145693e-01	1.975166e-01	2.170526e-01	7.138258e-02	1.917718e-01	-1.203892e-01	1.560805e-01	-9.768017e-03	4.667057e-03	9.262083e-03	9.298098e-03	-3.601517e-05
463           	4.148844e-01	1.973854e-01	2.174991e-01	7.131990e-02	1.919165e-01	-1.205966e-01	1.562566e-01	-1.005684e-02	4.726563e-03	9.761958e-03	9.607542e-03	1.544159e-04
464           	4.152548e-01	1.972907e-01	2.179641e-01	7.114691e-02	1.920483e-01	-1.209014e-01	1.564748e-01	-1.033667e-02	4.818032e-03	1.027164e-02	9.953854e-03	3.177891e-04
465           	4.157072e-01	1.972392e-01	2.184681e-01	7.096627e-02	1.922348e-01	-1.212685e-01	1.567517e-01	-1.061445e-02	4.909897e-03	1.082811e-02	1.032395e-02	5.041578e-04
466           	4.161645e-01	1.972098e-01	2.189547e-01	7.075697e-02	1.924062e-01	-1.216493e-01	1.570277e-01	-1.087247e-02	5.022050e-03	1.136403e-02	1.070407e-02	6.599667e-04
467           	4.165937e-01	1.971834e-01	2.194103e-01	7.056199e-02	1.925439e-01	-1.219819e-01	1.572629e-01	-1.111345e-02	5.138269e-03	1.188470e-02	1.108062e-02	8.040802e-04
468           	4.169483e-01	1.971167e-01	2.198316e-01	7.042778e-02	1.926567e-01	-1.222289e-01	1.574428e-01	-1.135746e-02	5.254395e-03	1.241715e-02	1.146297e-02	9.541779e-04
469           	4.172018e-01	1.970424e-01	2.201594e-01	7.036482e-02	1.927116e-01	-1.223468e-01	1.575292e-01	-1.155848e-02	5.356020e-03	1.288362e-02	1.179783e-02	1.085791e-03
470           	4.173332e-01	1.969631e-01	2.203701e-01	7.034383e-02	1.926997e-01	-1.223559e-01	1.575278e-01	-1.170354e-02	5.444052e-03	1.321709e-02	1.205260e-02	1.164491e-03
471           	4.174391e-01	1.969370e-01	2.205021e-01	7.039540e-02	1.926770e-01	-1.222816e-01	1.574793e-01	-1.178252e-02	5.493637e-03	1.340128e-02	1.219428e-02	1.207005e-03
472           	4.174109e-01	1.969083e-01	2.205026e-01	7.047852e-02	1.926156e-01	-1.221371e-01	1.573764e-01	-1.179715e-02	5.498561e-03	1.341807e-02	1.220760e-02	1.210473e-03
473           	4.174030e-01	1.969637e-01	2.204393e-01	7.059280e-02	1.925473e-01	-1.219545e-01	1.572509e-01	-1.173780e-02	5.453123e-03	1.326130e-02	1.208377e-02	1.177527e-03
474           	4.173584e-01	1.970382e-01	2.203202e-01	7.072533e-02	1.925088e-01	-1.217834e-01	1.571461e-01	-1.164099e-02	5.365880e-03	1.300021e-02	1.186599e-02	1.134226e-03
475           	4.173591e-01	1.971603e-01	2.201989e-01	7.089878e-02	1.925276e-01	-1.216288e-01	1.570782e-01	-1.151930e-02	5.247339e-03	1.266891e-02	1.158180e-02	1.087117e-03
476           	4.173504e-01	1.973003e-01	2.200500e-01	7.107453e-02	1.925829e-01	-1.215084e-01	1.570457e-01	-1.137486e-02	5.106883e-03	1.227123e-02	1.124250e-02	1.028732e-03
477           	4.173804e-01	1.974469e-01	2.199335e-01	7.128243e-02	1.927098e-01	-1.214274e-01	1.570686e-01	-1.124332e-02	4.959168e-03	1.190078e-02	1.090956e-02	9.912199e-04
478           	4.174377e-01	1.975950e-01	2.198428e-01	7.143558e-02	1.928582e-01	-1.214226e-01	1.571404e-01	-1.112390e-02	4.839867e-03	1.156048e-02	1.062011e-02	9.403745e-04
479           	4.174733e-01	1.977009e-01	2.197724e-01	7.157984e-02	1.930027e-01	-1.214228e-01	1.572127e-01	-1.103571e-02	4.745087e-03	1.131246e-02	1.040132e-02	9.111438e-04
480           	4.175662e-01	1.978059e-01	2.197604e-01	7.165870e-02	1.931700e-01	-1.215113e-01	1.573406e-01	-1.097727e-02	4.683185e-03	1.114698e-02	1.025667e-02	8.903038e-04
481           	4.176270e-01	1.978817e-01	2.197453e-01	7.171418e-02	1.933079e-01	-1.215937e-01	1.574508e-01	-1.093176e-02	4.639223e-03	1.104666e-02	1.016255e-02	8.841056e-04
482           	4.176698e-01	1.979549e-01	2.197149e-01	7.170906e-02	1.934032e-01	-1.216942e-01	1.575487e-01	-1.088000e-02	4.636417e-03	1.096865e-02	1.012074e-02	8.479093e-04
483           	4.176892e-01	1.980232e-01	2.196660e-01	7.173640e-02	1.935039e-01	-1.217675e-01	1.576357e-01	-1.082145e-02	4.626827e-03	1.091062e-02	1.008214e-02	8.284847e-04
484           	4.176653e-01	1.981056e-01	2.195596e-01	7.173874e-02	1.935597e-01	-1.218209e-01	1.576903e-01	-1.072699e-02	4.618921e-03	1.078844e-02	1.001314e-02	7.752982e-04
485           	4.176306e-01	1.982165e-01	2.194141e-01	7.177758e-02	1.936154e-01	-1.218378e-01	1.577266e-01	-1.059878e-02	4.574394e-03	1.061339e-02	9.881091e-03	7.323025e-04
486           	4.176128e-01	1.983335e-01	2.192792e-01	7.183271e-02	1.936950e-01	-1.218623e-01	1.577787e-01	-1.047286e-02	4.489237e-03	1.046308e-02	9.720776e-03	7.423026e-04
487           	4.175865e-01	1.984919e-01	2.190946e-01	7.192514e-02	1.937815e-01	-1.218564e-01	1.578189e-01	-1.030133e-02	4.360424e-03	1.021970e-02	9.470274e-03	7.494251e-04
488           	4.175663e-01	1.986739e-01	2.188924e-01	7.199963e-02	1.938737e-01	-1.218741e-01	1.578739e-01	-1.010924e-02	4.214217e-03	9.926926e-03	9.177680e-03	7.492454e-04
489           	4.175790e-01	1.988592e-01	2.187198e-01	7.211561e-02	1.940119e-01	-1.218963e-01	1.579541e-01	-9.930274e-03	4.039646e-03	9.656032e-03	8.867662e-03	7.883697e-04
490           	4.175876e-01	1.990288e-01	2.185588e-01	7.219585e-02	1.941620e-01	-1.219662e-01	1.580641e-01	-9.765003e-03	3.888989e-03	9.380226e-03	8.579102e-03	8.011238e-04
491           	4.176010e-01	1.991585e-01	2.184425e-01	7.229806e-02	1.943248e-01	-1.220268e-01	1.581758e-01	-9.642015e-03	3.781958e-03	9.171587e-03	8.367751e-03	8.038354e-04
492           	4.176020e-01	1.992111e-01	2.183909e-01	7.237323e-02	1.944991e-01	-1.221259e-01	1.583125e-01	-9.589866e-03	3.716907e-03	9.072650e-03	8.253232e-03	8.194178e-04
493           	4.176134e-01	1.991894e-01	2.184240e-01	7.244437e-02	1.946711e-01	-1.222268e-01	1.584490e-01	-9.617276e-03	3.693488e-03	9.124430e-03	8.255703e-03	8.687270e-04
494           	4.176230e-01	1.990146e-01	2.186084e-01	7.244522e-02	1.948034e-01	-1.223582e-01	1.585808e-01	-9.796917e-03	3.693424e-03	9.467793e-03	8.427320e-03	1.040472e-03
495           	4.175897e-01	1.987219e-01	2.188678e-01	7.243391e-02	1.948617e-01	-1.224278e-01	1.586447e-01	-1.007295e-02	3.685192e-03	1.003385e-02	8.702119e-03	1.331735e-03
496           	4.173139e-01	1.982355e-01	2.190784e-01	7.233937e-02	1.947225e-01	-1.223832e-01	1.585528e-01	-1.042143e-02	3.670478e-03	1.081359e-02	9.077272e-03	1.736315e-03
497           	4.168538e-01	1.977284e-01	2.191254e-01	7.224515e-02	1.944434e-01	-1.221983e-01	1.583209e-01	-1.069847e-02	3.660829e-03	1.153200e-02	9.426829e-03	2.105170e-03
498           	4.164090e-01	1.974393e-01	2.189697e-01	7.213000e-02	1.941248e-01	-1.219948e-01	1.580598e-01	-1.076520e-02	3.689917e-03	1.181697e-02	9.598400e-03	2.218567e-03
499           	4.161137e-01	1.974258e-01	2.186879e-01	7.216203e-02	1.939318e-01	-1.217698e-01	1.578508e-01	-1.063107e-02	3.734513e-03	1.164004e-02	9.554535e-03	2.085509e-03
500           	4.159103e-01	1.975576e-01	2.183527e-01	7.217000e-02	1.937386e-01	-1.215686e-01	1.576536e-01	-1.039753e-02	3.751337e-03	1.119194e-02	9.347306e-03	1.844632e-03
